# ================================
# SNID: 100166
# RA: 36.517898994778136
# DEC: -34.28780163561525
# ================================
NVAR: 4
VARNAMES: MJD FLT MAG MAGERR
61785.05020  z_LSST  94.57140  6072980529328353789467426816.00000
61785.03700  i_LSST  94.50269  4918735142164323301314265088.00000
61752.16490  i_LSST  94.50269  7342367589750872838487670784.00000
61752.14090  z_LSST  94.57140  7976542571448900619373379584.00000
61747.14850  z_LSST  94.57140  8783271525429766541014990848.00000
61736.25570  g_LSST  93.12970  768102739195313715473809408.00000
61736.23310  u_LSST  92.36127  618177656581395418355597312.00000
61735.24110  i_LSST  94.50269  3638829820495164356952064000.00000
61735.21680  r_LSST  93.40855  822953294180464016186408960.00000
61734.06080  g_LSST  93.12970  362068288237041164430082048.00000
61717.11070  z_LSST  94.57140  6242040594828487694558953472.00000
61717.08640  i_LSST  94.50269  4065309877771168783968239616.00000
61716.33970  i_LSST  94.50269  4652630337314896716159254528.00000
61716.05570  i_LSST  94.50269  5209403662501076855152443392.00000
61716.03190  z_LSST  94.57140  9148431080369271206301401088.00000
61713.14140  i_LSST  94.50269  2933568573510843370678779904.00000
61713.11900  r_LSST  93.40855  768913733490968671255789568.00000
61711.09430  r_LSST  93.40855  826844537948777733729288192.00000
61711.06940  g_LSST  93.12970  400427675545986171532214272.00000
61708.24300  i_LSST  94.50269  3393775083012867828909867008.00000
61708.24210  i_LSST  94.50269  3359665385159478520001331200.00000
61708.04810  i_LSST  94.50269  4754336296053837837847494656.00000
61708.04720  i_LSST  94.50269  4948029418756425871918104576.00000
61708.02370  z_LSST  94.57140  10063875996819264655817965568.00000
61708.02280  z_LSST  94.57140  10626747074949085501698605056.00000
61704.26380  g_LSST  93.12970  486993728359845312791052288.00000
61704.25820  g_LSST  93.12970  528064205532237498008207360.00000
61704.05800  g_LSST  93.12970  682030792979856669861216256.00000
61704.05760  g_LSST  93.12970  707223730726422954714857472.00000
61704.03430  r_LSST  93.40855  1840133034558581464532779008.00000
61704.03380  r_LSST  93.40855  1926012445254581911507959808.00000
61700.18330  r_LSST  93.40855  1147529584706429317764087808.00000
61700.16160  g_LSST  93.12970  552754833566015045966495744.00000
61697.14690  r_LSST  93.40855  2055441765342727124010663936.00000
61697.12260  g_LSST  93.12970  1252842785007615656025128960.00000
61690.32750  z_LSST  94.57140  8756560670149227170731393024.00000
61690.32710  z_LSST  94.57140  8742337753594543795869843456.00000
61671.37530  i_LSST  94.50269  3948997279279259914451550208.00000
61671.36400  r_LSST  93.40855  1083293233827313216674332672.00000
61666.26940  i_LSST  94.50269  6592895395223888148207501312.00000
61666.24530  r_LSST  93.40855  2371709132109218621683662848.00000
61655.29870  r_LSST  93.40855  612221893128303021230391296.00000
61655.29170  g_LSST  93.12970  305159126655809111415848960.00000
61655.27370  g_LSST  93.12970  359330961775845275525447680.00000
61653.30020  z_LSST  94.57140  8165703952868873100089884672.00000
61653.27590  i_LSST  94.50269  4676839773976183369197682688.00000
61646.33920  z_LSST  94.57140  6083152727073695706661257216.00000
61646.31370  i_LSST  94.50269  3971537824896067500221923328.00000
61441.09210  r_LSST  93.40855  1775952779346994455593877504.00000
61441.06810  g_LSST  93.12970  536173860705953093429231616.00000
61433.06980  z_LSST  94.57140  8336390947469327844276961280.00000
61426.08710  i_LSST  94.50269  6587653983730531063711137792.00000
61426.06320  r_LSST  93.40855  2250789427312154613674672128.00000
61419.08660  i_LSST  94.50269  4399517173349423333832130560.00000
61419.06220  z_LSST  94.57140  7317033818944788930175696896.00000
61411.08360  z_LSST  94.57140  8761360432524870883387375616.00000
61411.08160  z_LSST  94.57140  8726243753433210813222486016.00000
61405.14320  i_LSST  94.50269  4494492851958092452497195008.00000
61405.11910  r_LSST  93.40855  1205286273643622448471474176.00000
61400.13900  r_LSST  93.40855  1866794880754103505513349120.00000
61400.11400  g_LSST  93.12970  817026025335885397210693632.00000
61383.16680  z_LSST  94.57140  8423950368230508124312698880.00000
61383.16540  z_LSST  94.57140  8279548581556788096256704512.00000
61383.14240  i_LSST  94.50269  3458215231888801619840598016.00000
61383.14100  i_LSST  94.50269  3593056909793384660945862656.00000
61381.16570  z_LSST  94.57140  8752732913252571630341718016.00000
61381.14170  i_LSST  94.50269  4635906948206502647215161344.00000
61379.22720  r_LSST  93.40855  1229544032139870403488120832.00000
61379.20270  g_LSST  93.12970  669772075997811118081835008.00000
61372.20370  i_LSST  94.50269  4537312615728685213147987968.00000
61372.20050  i_LSST  94.50269  5028686856293770676007862272.00000
61372.17880  z_LSST  94.57140  6970818228257696852712882176.00000
61372.17560  z_LSST  94.57140  8231333067639896272839639040.00000
61370.20820  i_LSST  94.50269  4384948158606955695082307584.00000
61370.18420  r_LSST  93.40855  1191854228575474362500513792.00000
61369.23830  i_LSST  94.50269  6257759663834427166977687552.00000
61363.27080  z_LSST  94.57140  8269391071117432635565015040.00000
61363.12470  i_LSST  94.50269  4510643972150021248715325440.00000
61363.09870  r_LSST  93.40855  1153749220258351068930375680.00000
61356.26480  i_LSST  94.50269  3976571285353794780897738752.00000
61356.23990  r_LSST  93.40855  1011424042140119678744264704.00000
61334.17780  z_LSST  94.57140  6924775087049650434421555200.00000
61334.15370  i_LSST  94.50269  4493884336703812635228897280.00000
61332.17590  r_LSST  93.40855  706631584864449907614810112.00000
61332.15170  g_LSST  93.12970  502564584047902087901609984.00000
61328.14150  r_LSST  93.40855  1294252574210891019142037504.00000
61328.14010  r_LSST  93.40855  1283567844505573065127624704.00000
61328.11760  g_LSST  93.12970  663791906487162552887279616.00000
61328.11630  g_LSST  93.12970  755476571444735333149704192.00000
61326.13470  z_LSST  94.57140  19737578208156245711715827712.00000
61326.11080  i_LSST  94.50269  17493890348357106215581384704.00000
61303.21380  r_LSST  93.40855  970693223889307241717694464.00000
61303.21330  r_LSST  93.40855  959304555525154093530087424.00000
61303.18960  i_LSST  94.50269  4033470160254645085998678016.00000
61303.18920  i_LSST  94.50269  4089603118164214865618534400.00000
61297.29450  i_LSST  94.50269  3197874984518684538375766016.00000
61297.26740  r_LSST  93.40855  866047289484287187273908224.00000
61295.29250  r_LSST  93.40855  880828762773295642856914944.00000
61295.26780  g_LSST  93.12970  394731530624567834711162880.00000
61293.38950  i_LSST  94.50269  3823224954683512743878721536.00000
61293.37810  r_LSST  93.40855  855696388804264977252745216.00000
61292.41350  r_LSST  93.40855  1664687273932045370630602752.00000
61288.32340  r_LSST  93.40855  1233441958282593397555331072.00000
61288.29880  i_LSST  94.50269  3996119101210565716756922368.00000
61287.40940  z_LSST  94.57140  8149051071900592980273135616.00000
61287.39830  i_LSST  94.50269  4607568399054849222530564096.00000
61282.41060  z_LSST  94.57140  8088414807102120538490798080.00000
61281.28330  i_LSST  94.50269  6083524021378685853214179328.00000
61281.28240  i_LSST  94.50269  6071195693995655737418711040.00000
61281.25890  r_LSST  93.40855  2138083439983465537770356736.00000
61281.25800  r_LSST  93.40855  2137815711496810984856616960.00000
61277.41930  z_LSST  94.57140  5717091429562684824646320128.00000
61277.31750  i_LSST  94.50269  4187804273952691585611202560.00000
61273.31470  z_LSST  94.57140  6320446967311781031168704512.00000
61272.30090  i_LSST  94.50269  4489435547824075769724796928.00000
61266.38070  i_LSST  94.50269  5661927831256213221395136512.00000
61266.35630  r_LSST  93.40855  856085626089680890314620928.00000
61236.40730  z_LSST  94.57140  10529881547853573706267754496.00000
61224.39780  z_LSST  94.57140  12371046979321244508393308160.00000
61223.34390  z_LSST  94.57140  20863582647494866303434358784.00000
61216.41330  i_LSST  94.50269  9723369498554127526341378048.00000
61216.41240  i_LSST  94.50269  9405589428901006138096484352.00000
61047.08930  i_LSST  94.50269  3852984271386463697937367040.00000
61047.08840  i_LSST  94.50269  3890887698764003053899087872.00000
61047.06500  z_LSST  94.57140  7038473286571127856410132480.00000
61047.06400  z_LSST  94.57140  6613668011983460954043056128.00000
61033.12390  i_LSST  94.50269  3074318718174575434246651904.00000
61028.17850  i_LSST  94.50269  4035670487304957724477882368.00000
61028.17800  i_LSST  94.50269  3934878886992463626753802240.00000
61028.15440  r_LSST  93.40855  978352535814204208797712384.00000
61028.15390  r_LSST  93.40855  958942918482023200656982016.00000
61027.13650  z_LSST  94.57140  6254759013598330065516494848.00000
61027.11220  i_LSST  94.50269  3886351365417356936540585984.00000
61023.22940  u_LSST  92.36127  964365555014946019851894784.00000
61023.20660  r_LSST  93.40855  1114470719499197071814033408.00000
61017.05140  z_LSST  94.57140  8187003494348463296114327552.00000
61017.03780  i_LSST  94.50269  4425010104869182450450825216.00000
61012.17470  z_LSST  94.57140  7887411992285430090804756480.00000
61003.08330  i_LSST  94.50269  3570382662225223806118526976.00000
61003.08240  i_LSST  94.50269  3573841625144431589260787712.00000
61003.05720  r_LSST  93.40855  811606823420860885360443392.00000
61003.05630  r_LSST  93.40855  815494314429549014511779840.00000
61002.21350  z_LSST  94.57140  9405151994874208114027003904.00000
61002.18940  i_LSST  94.50269  4490865904496890993677697024.00000
60996.31120  r_LSST  93.40855  1046069256707314265788252160.00000
60996.28830  g_LSST  93.12970  601585797080230019842703360.00000
60994.07570  r_LSST  93.40855  1123497600867045737806954496.00000
60994.05230  u_LSST  92.36127  553615479334847397945671680.00000
60993.30050  g_LSST  93.12970  779198356421722804940963840.00000
60993.27880  u_LSST  92.36127  832239655266767705699516416.00000
60993.06220  u_LSST  92.36127  752463046981649141021540352.00000
60980.25390  z_LSST  94.57140  7744040339487086847861981184.00000
60980.05170  z_LSST  94.57140  10995168986701123627031461888.00000
60980.02740  i_LSST  94.50269  6817577369102844214646931456.00000
60975.29580  r_LSST  93.40855  916007377859476425376006144.00000
60971.17820  r_LSST  93.40855  603150281947110668626821120.00000
60971.17770  r_LSST  93.40855  599460350128546315604328448.00000
60971.15310  g_LSST  93.12970  364502194056966142710251520.00000
60971.15270  g_LSST  93.12970  355983055828843643180941312.00000
60967.31530  r_LSST  93.40855  823268126847865705579151360.00000
60967.29090  i_LSST  94.50269  3660209781532269755534147584.00000
60965.29980  g_LSST  93.12970  381400616953071456871251968.00000
60964.30650  i_LSST  94.50269  4129826148226389998896676864.00000
60964.28050  r_LSST  93.40855  819739530964255220858617856.00000
60962.31450  g_LSST  93.12970  825370020134621933008322560.00000
60958.34010  z_LSST  94.57140  9503801779664299810967519232.00000
60958.31610  i_LSST  94.50269  8180911655427482660651401216.00000
60953.20280  i_LSST  94.50269  5798938486115366266602520576.00000
60952.16860  r_LSST  93.40855  2161929793469528872205680640.00000
60952.16770  r_LSST  93.40855  2176579402255493809559306240.00000
60951.19200  z_LSST  94.57140  12011596324494671265117765632.00000
60948.36160  r_LSST  93.40855  960766185797846182242811904.00000
60936.38370  r_LSST  93.40855  1625624063803793406435524608.00000
60934.40440  z_LSST  94.57140  8927838289012474062653358080.00000
60934.40390  z_LSST  94.57140  7521357427736352975904309248.00000
60934.39160  i_LSST  94.50269  3404086664639733060511727616.00000
60934.39120  i_LSST  94.50269  3359725434721766278726418432.00000
60924.30430  z_LSST  94.57140  8128052173668824878315208704.00000
60924.28000  i_LSST  94.50269  6203293444428008084379533312.00000
60921.40770  z_LSST  94.57140  7817578065512711723935596544.00000
60913.42470  i_LSST  94.50269  8219394429263390449441177600.00000
60910.33930  z_LSST  94.57140  8669753335646709645997768704.00000
60910.31280  i_LSST  94.50269  4201617718963086647042768896.00000
