# ================================
# SNID: 100143
# RA: 32.48672103881836
# DEC: -22.201278686523438
# ================================
NVAR: 4
VARNAMES: MJD FLT MAG MAGERR
61847.99600  z_LSST  23.79219  1.54784
61844.00540  z_LSST  23.36074  1.00558
61844.00230  z_LSST  24.28478  2.35522
61793.05460  r_LSST  27.54389  8.78864
61791.09550  r_LSST  25.28673  1.03839
61785.05650  z_LSST  27.36771  7.77414
61785.04150  i_LSST  25.26860  0.71946
61781.04580  z_LSST  24.48637  0.83485
61779.03620  z_LSST  25.57537  2.51996
61776.11130  i_LSST  26.55718  3.41119
61776.04970  z_LSST  23.98719  0.46541
61772.05090  z_LSST  24.54714  0.89449
61771.12140  u_LSST  26.68657  3.76514
61765.08060  u_LSST  27.34331  5.61469
61763.12640  r_LSST  25.91704  0.81805
61757.17600  g_LSST  26.54555  2.38139
61755.13500  r_LSST  25.12362  0.66315
61755.10930  g_LSST  24.67284  0.31794
61752.17700  i_LSST  25.80445  2.52188
61752.15300  z_LSST  24.38567  0.92193
61742.20090  u_LSST  25.17194  1.16898
61738.19080  i_LSST  26.97049  3.36733
61738.19040  i_LSST  26.86457  3.05433
61738.16660  r_LSST  26.79542  1.53094
61737.15730  i_LSST  27.65537  9.75919
61737.13380  r_LSST  29.17965  17.59585
61736.26150  g_LSST  25.20729  0.71978
61735.22090  r_LSST  26.00992  0.94508
61735.07030  r_LSST  27.74968  4.69219
61734.06890  r_LSST  26.49168  1.39393
61727.27820  z_LSST  23.96472  0.69164
61726.19690  z_LSST  27.09903  9.49205
61726.17290  i_LSST  24.67706  0.79530
61718.24410  z_LSST  24.18167  0.68232
61718.21990  i_LSST  25.80586  1.39777
61717.07880  i_LSST  29.57544  48.77144
61714.12190  i_LSST  26.70408  2.29709
61714.09750  r_LSST  26.91081  2.08897
61708.03280  z_LSST  24.07964  0.66202
61706.31200  z_LSST  27.22249  10.26098
61706.28810  i_LSST  25.97709  3.37341
61705.16200  r_LSST  26.14625  0.91746
61704.34500  z_LSST  24.45782  0.95385
61702.14470  r_LSST  25.86863  1.09608
61702.12000  g_LSST  26.68153  1.90566
61700.18580  r_LSST  26.55388  1.98563
61700.16440  g_LSST  25.54477  0.57708
61700.16400  g_LSST  25.52107  0.56462
61698.28000  r_LSST  25.77056  1.18397
61688.34650  z_LSST  25.45025  1.66897
61682.21120  i_LSST  26.48532  2.14165
61682.18700  r_LSST  28.88239  11.95290
61680.34950  i_LSST  25.59003  1.33122
61679.19480  z_LSST  25.15285  1.07406
61673.32450  r_LSST  26.49790  1.00737
61671.34140  r_LSST  26.82959  2.81740
61668.35570  z_LSST  23.86121  0.59197
61666.27420  i_LSST  24.82793  0.93471
61655.28220  g_LSST  26.98726  1.16322
61654.40560  i_LSST  27.17448  4.16234
61654.40520  i_LSST  25.86418  1.24514
61652.39400  r_LSST  25.51900  0.86458
61650.24680  g_LSST  26.51362  0.91708
61648.32920  g_LSST  28.85550  7.53237
61642.41320  r_LSST  29.80540  44.89423
61641.41110  z_LSST  28.20381  24.02770
61635.37810  i_LSST  25.90762  2.80903
61635.35320  r_LSST  24.87993  1.02773
61633.29810  z_LSST  23.54816  0.47921
61631.29630  z_LSST  28.31595  25.29965
61484.01050  i_LSST  23.07268  0.80170
61484.00120  i_LSST  22.96970  0.72915
61476.01060  i_LSST  22.80260  0.56164
61476.00450  i_LSST  23.76444  1.36207
61426.09520  i_LSST  26.71261  6.43612
61418.06310  g_LSST  26.22526  0.92759
61414.08720  r_LSST  30.03023  65.91003
61414.06320  g_LSST  26.91284  2.12708
61405.06400  z_LSST  24.33137  0.71096
61390.11450  g_LSST  25.76177  0.65163
61381.17980  z_LSST  25.19567  1.43817
61381.15580  i_LSST  26.31411  2.85441
61377.08340  i_LSST  26.27973  1.74874
61377.05800  z_LSST  29.21864  47.00555
61374.15790  i_LSST  24.58930  0.46193
61370.17960  r_LSST  25.36387  0.77249
61369.18140  r_LSST  26.88283  5.70635
61363.11400  i_LSST  26.70779  3.62919
61363.08850  r_LSST  28.07169  9.55964
61345.23880  r_LSST  28.06075  7.67739
61342.14170  z_LSST  26.13402  4.15215
61341.27470  z_LSST  23.49169  0.53062
61328.13470  r_LSST  25.45853  0.81253
61316.30410  r_LSST  25.72088  0.91360
61315.17320  z_LSST  26.69998  5.32573
61303.20790  r_LSST  25.38964  0.62215
61300.36300  z_LSST  26.79944  5.37967
61300.22920  i_LSST  25.21181  0.65372
61295.27160  g_LSST  27.67960  2.79397
61289.39300  r_LSST  27.37338  3.82985
61277.32210  z_LSST  26.24470  2.84174
61274.33400  i_LSST  25.66616  1.04672
61274.30960  r_LSST  27.14753  2.89139
61273.30520  z_LSST  25.35848  1.42554
61248.39440  z_LSST  25.61569  1.77613
61239.37070  r_LSST  25.35700  1.26296
61236.40120  z_LSST  23.02615  0.31603
61233.37660  r_LSST  24.31914  0.40729
61213.43860  r_LSST  26.26404  1.71972
61043.06890  z_LSST  23.89018  0.68929
61033.12840  z_LSST  24.07835  0.37803
61033.10390  i_LSST  23.50517  0.12819
61033.08440  i_LSST  23.36313  0.11247
61033.06030  r_LSST  23.09783  0.05318
61003.07810  i_LSST  23.23377  0.12250
61003.05220  r_LSST  23.03542  0.05533
61002.20610  z_LSST  23.54697  0.33007
61002.18200  i_LSST  23.21067  0.13771
60999.03260  z_LSST  23.98838  0.51504
60999.02000  i_LSST  23.29844  0.21778
60994.06080  r_LSST  23.19298  0.07788
60994.03870  u_LSST  22.82257  0.08815
60993.31530  g_LSST  22.72430  0.07696
60993.29240  u_LSST  22.78998  0.12508
60993.07850  r_LSST  23.02602  0.11762
60993.05510  u_LSST  22.85415  0.13270
60980.24800  z_LSST  24.82352  1.08976
60980.05490  z_LSST  24.38405  0.72701
60980.03120  i_LSST  24.10107  0.49801
60965.28480  g_LSST  26.84393  1.33537
60964.30880  i_LSST  26.13298  1.99593
60958.32240  i_LSST  24.57044  0.75511
60953.22550  z_LSST  24.62394  0.91841
60952.16460  r_LSST  26.29031  2.99598
60951.20020  z_LSST  23.74828  0.52230
60951.19970  z_LSST  25.68709  3.11489
60939.24660  i_LSST  27.52318  5.20701
60931.34860  r_LSST  25.64566  1.07352
60930.37220  i_LSST  24.30659  0.74507
60930.36070  z_LSST  25.08576  2.11911
60924.30730  z_LSST  24.82796  1.05629
60920.40080  r_LSST  29.72663  45.28492
60910.33380  z_LSST  27.45205  16.02129
