# ================================
# SNID: 100408
# RA: 56.55900573730469
# DEC: -12.27638053894043
# ================================
NVAR: 4
VARNAMES: MJD FLT MAG MAGERR
61871.98320  z_LSST  22.90070  0.65011
61871.98010  z_LSST  23.18491  0.84463
61871.97700  z_LSST  22.37945  0.40224
61871.97390  z_LSST  23.51893  1.14888
61867.98600  i_LSST  22.29656  0.24095
61867.98290  i_LSST  22.43895  0.27472
61867.97980  i_LSST  23.35329  0.63771
61867.97670  i_LSST  22.69068  0.34640
61747.20570  g_LSST  22.77504  0.05826
61738.19500  i_LSST  22.19719  0.03593
61738.17080  r_LSST  22.79923  0.03758
61718.32350  r_LSST  22.67385  0.05365
61718.29980  g_LSST  22.77640  0.04002
61713.24210  i_LSST  22.21264  0.04770
61713.23890  z_LSST  22.44805  0.10326
61713.21790  z_LSST  22.77885  0.14004
61707.24950  z_LSST  22.72726  0.10235
61680.33330  r_LSST  22.73879  0.04491
61672.37700  r_LSST  22.78874  0.04460
61455.06430  i_LSST  23.01839  0.18739
61455.04050  r_LSST  22.83742  0.12359
61442.04520  z_LSST  22.96134  0.16414
61442.03260  i_LSST  22.65200  0.10817
61438.08290  i_LSST  22.85511  0.09492
61438.08240  i_LSST  22.93970  0.10261
61438.05880  z_LSST  22.91174  0.15853
61438.05830  z_LSST  22.99363  0.17095
61435.14660  r_LSST  23.09084  0.10424
61435.04090  z_LSST  22.69104  0.16920
61435.02880  i_LSST  22.95249  0.25956
61413.12890  i_LSST  22.46444  0.05859
61413.10470  z_LSST  22.90614  0.22399
61401.18030  i_LSST  22.50548  0.07743
61401.15640  z_LSST  23.10247  0.22485
61390.14920  r_LSST  23.39979  0.08557
61390.12450  g_LSST  22.74359  0.04545
61386.21100  r_LSST  23.33770  0.07924
61386.18630  g_LSST  22.64613  0.02795
61385.13380  i_LSST  22.43028  0.06275
61385.10980  r_LSST  23.35522  0.07431
61383.17990  z_LSST  22.76241  0.13148
61383.15550  i_LSST  22.51876  0.05752
61372.18840  z_LSST  23.00760  0.17025
61371.16890  z_LSST  22.88845  0.14742
61371.14490  i_LSST  22.57800  0.07189
61365.28020  z_LSST  23.03432  0.26245
61365.25620  i_LSST  22.53811  0.09648
61363.19630  i_LSST  22.42292  0.06563
61363.17240  r_LSST  23.32368  0.11504
61359.24660  r_LSST  23.46286  0.11070
61359.22250  g_LSST  22.46474  0.02306
61335.21780  z_LSST  22.88519  0.18899
61335.19390  i_LSST  22.61037  0.08826
61333.20550  z_LSST  23.08908  0.21631
61333.20500  z_LSST  23.05153  0.20896
61332.26350  r_LSST  23.49359  0.06742
61332.23970  i_LSST  22.53599  0.04802
61327.26540  i_LSST  22.52132  0.08246
61327.24110  r_LSST  23.42920  0.10581
61326.22760  z_LSST  23.84263  0.85128
61326.20100  i_LSST  22.33961  0.17915
61303.38970  z_LSST  23.32226  0.23966
61303.37840  i_LSST  22.48944  0.06080
61303.34530  r_LSST  23.32415  0.07163
61303.32110  g_LSST  22.47538  0.02167
61300.39160  z_LSST  23.25263  0.20598
61297.40930  r_LSST  23.21572  0.09586
61293.33150  i_LSST  22.41337  0.05073
61293.30760  r_LSST  23.13985  0.07299
61292.38170  i_LSST  22.51328  0.06492
61292.35790  r_LSST  23.49952  0.12285
61291.34860  i_LSST  22.33385  0.05904
61288.36440  i_LSST  22.48198  0.08384
61288.36390  i_LSST  22.48464  0.08404
61288.34030  r_LSST  23.32863  0.08905
61288.33980  r_LSST  23.27621  0.08485
61281.40160  z_LSST  23.26717  0.19654
61281.40110  z_LSST  23.03376  0.15852
61281.39020  i_LSST  22.37730  0.06636
61281.38970  i_LSST  22.38530  0.06686
61272.38980  i_LSST  22.41481  0.06153
61272.38890  i_LSST  22.36334  0.05868
61248.40700  z_LSST  23.52300  0.36636
61248.40570  z_LSST  23.08128  0.24390
61147.98170  z_LSST  22.83967  0.49007
61147.97860  z_LSST  23.84043  1.23185
61071.04040  z_LSST  23.05073  0.26121
61071.02820  i_LSST  23.03931  0.22798
61055.08700  r_LSST  22.79651  0.05780
61055.08650  r_LSST  22.78234  0.05705
61055.06430  u_LSST  23.26266  0.12901
61055.06390  u_LSST  23.13935  0.11516
61050.08820  i_LSST  22.88216  0.07825
61050.06390  r_LSST  22.74837  0.04288
61049.06060  z_LSST  22.53216  0.10119
61046.07620  z_LSST  22.62544  0.10614
61033.13700  z_LSST  22.49263  0.08246
61033.11250  i_LSST  22.90943  0.08164
61031.05680  z_LSST  22.92432  0.17015
61031.04320  i_LSST  22.94634  0.10606
61024.12650  g_LSST  22.65044  0.02102
61024.10360  u_LSST  22.79997  0.05168
61023.08720  r_LSST  22.78708  0.08047
61023.06420  u_LSST  22.86263  0.09279
61017.17230  r_LSST  22.89914  0.09125
61017.14840  g_LSST  22.77501  0.04757
61012.23090  z_LSST  23.08588  0.26619
61012.20680  i_LSST  22.84807  0.15336
61008.22520  i_LSST  23.00245  0.09348
61008.20530  z_LSST  22.69112  0.17925
61001.21040  g_LSST  22.71643  0.03177
61001.18690  u_LSST  22.61731  0.07044
60999.30760  r_LSST  22.74735  0.05293
60999.30670  r_LSST  22.80379  0.05576
60999.28520  g_LSST  22.70289  0.02890
60999.28430  g_LSST  22.71832  0.02931
60992.14520  r_LSST  22.88500  0.05293
60992.12140  g_LSST  22.83820  0.03081
60977.26910  r_LSST  22.93596  0.04508
60977.24520  g_LSST  22.94909  0.03750
60973.27200  i_LSST  23.14012  0.13951
60973.24770  z_LSST  23.14454  0.24130
60972.28430  i_LSST  23.02075  0.09675
60972.26010  r_LSST  22.92766  0.04997
60971.22490  i_LSST  23.02421  0.06860
60971.20080  r_LSST  22.90721  0.03939
60967.36620  z_LSST  22.91449  0.16198
60967.25400  r_LSST  22.96691  0.05219
60962.24060  i_LSST  22.96205  0.09366
60962.21820  i_LSST  23.03984  0.10062
60962.21730  i_LSST  23.11846  0.10818
60962.19570  r_LSST  22.92824  0.06327
60962.19480  r_LSST  23.02137  0.06894
60955.28720  z_LSST  23.33013  0.31898
60951.34010  i_LSST  23.14913  0.11462
60951.31610  r_LSST  23.00921  0.07062
60950.26320  z_LSST  23.35938  0.39678
60934.36460  r_LSST  22.98294  0.06217
60933.37660  z_LSST  23.38973  0.22426
60933.35450  i_LSST  22.98636  0.09962
60933.32970  r_LSST  22.95615  0.06629
60923.40980  z_LSST  23.98182  0.40856
60923.40800  z_LSST  23.16804  0.19308
60923.39750  i_LSST  22.94399  0.09273
