# ================================
# SNID: 100401
# RA: 53.392059326171875
# DEC: -28.461931228637695
# ================================
NVAR: 4
VARNAMES: MJD FLT MAG MAGERR
61468.06630  z_LSST  24.61556  1.23565
61468.06590  z_LSST  26.79393  9.18850
61468.06550  z_LSST  24.39998  1.01312
61468.06510  z_LSST  23.86493  0.61893
61468.06460  z_LSST  26.37299  6.23543
61468.06380  z_LSST  26.21001  5.36627
61468.06340  z_LSST  25.25898  2.23492
61468.06300  z_LSST  23.75646  0.56009
61468.06210  z_LSST  24.41680  1.02895
61468.06050  z_LSST  24.09520  0.76516
61468.05960  z_LSST  25.72871  3.44472
61468.05880  z_LSST  24.75490  1.40485
61468.05800  z_LSST  24.01974  0.71378
61468.05760  z_LSST  25.03514  1.81856
61468.05420  u_LSST  26.83963  5.61808
61468.05380  u_LSST  25.78180  2.12060
61468.05350  u_LSST  25.84471  2.24709
61468.05310  u_LSST  25.67525  1.92237
61468.05230  u_LSST  24.89584  0.93772
61468.05050  r_LSST  25.27120  0.81826
61468.05010  r_LSST  24.44049  0.38072
61468.04970  r_LSST  25.58819  1.09568
61468.04840  r_LSST  25.48833  0.99941
61468.04590  r_LSST  30.59945  110.71108
61468.04510  r_LSST  26.38855  2.28997
61468.04300  r_LSST  25.06711  0.67804
61468.04260  r_LSST  26.00563  1.60940
61468.04080  i_LSST  26.12734  2.30939
61468.04040  i_LSST  26.36284  2.86878
61468.03870  i_LSST  26.28809  2.67793
61468.03830  i_LSST  25.77211  1.66497
61468.03710  i_LSST  26.34868  2.83161
61468.03670  i_LSST  26.80846  4.32462
61468.03580  i_LSST  26.52759  3.33886
61468.03460  i_LSST  27.25388  6.51799
61468.03420  i_LSST  25.84566  1.78167
61468.03330  i_LSST  24.83832  0.70451
61468.03070  g_LSST  25.87975  0.79026
61468.03030  g_LSST  27.24726  2.78469
61468.02990  g_LSST  30.63261  62.93887
61468.02950  g_LSST  28.09258  6.06602
61468.02900  g_LSST  25.85337  0.77130
61468.02820  g_LSST  25.17713  0.41374
61468.02780  g_LSST  30.22015  43.04619
61461.08650  z_LSST  24.00340  1.10250
61461.08560  z_LSST  24.12598  1.23426
61461.08520  z_LSST  24.24382  1.37576
61461.08480  z_LSST  24.32677  1.48499
61461.08400  z_LSST  24.84614  2.39592
61461.08060  z_LSST  24.49493  1.73376
61461.08020  z_LSST  24.00474  1.10386
61461.07980  z_LSST  23.65042  0.79650
61461.07940  z_LSST  23.37727  0.61933
61461.06580  r_LSST  25.49891  1.42031
61461.06540  r_LSST  24.91900  0.83256
61461.06420  r_LSST  24.62679  0.63611
61461.06370  r_LSST  24.70812  0.68559
61461.06330  r_LSST  24.34180  0.48926
61461.06250  r_LSST  25.91239  2.07861
61461.06120  r_LSST  25.01133  0.90646
61461.06040  r_LSST  26.95016  5.40607
61461.06000  r_LSST  25.94065  2.13341
61461.05920  r_LSST  25.66103  1.64903
61461.05870  r_LSST  27.11615  6.29908
61461.05650  i_LSST  24.24559  0.63306
61461.05530  i_LSST  24.58854  0.86821
61461.05490  i_LSST  24.49907  0.79954
61461.05400  i_LSST  26.28557  4.14419
61461.05360  i_LSST  23.85088  0.44011
61461.05320  i_LSST  26.57828  5.42653
61461.05280  i_LSST  24.23342  0.62601
61461.05030  i_LSST  24.00369  0.50663
61461.04990  i_LSST  24.75204  1.00932
61461.04950  i_LSST  25.21026  1.53927
61461.04860  i_LSST  24.63435  0.90563
61461.04170  g_LSST  26.00141  2.55878
61461.04090  g_LSST  25.65853  1.86587
61461.03960  g_LSST  24.76129  0.81655
61461.03920  g_LSST  26.68528  4.80375
61461.03840  g_LSST  24.91183  0.93799
61461.03800  g_LSST  25.65864  1.86604
61455.06960  i_LSST  25.76115  2.94763
61455.04580  r_LSST  25.86740  1.73423
61453.08970  z_LSST  23.32707  0.61930
61453.08880  z_LSST  24.63139  2.05887
61453.08840  z_LSST  23.09194  0.49871
61453.08800  z_LSST  24.14192  1.31172
61453.08760  z_LSST  23.25430  0.57915
61453.08680  z_LSST  23.70282  0.87539
61453.08590  z_LSST  23.35578  0.63589
61453.08510  z_LSST  24.23926  1.43475
61453.08470  z_LSST  25.21736  3.53196
61453.08380  z_LSST  26.34568  9.98495
61453.08340  z_LSST  24.58001  1.96371
61453.08300  z_LSST  25.06991  3.08346
61453.08260  z_LSST  25.20023  3.47666
61453.08130  z_LSST  23.77706  0.93734
61453.08010  z_LSST  23.48154  0.71398
61453.06940  r_LSST  25.27751  1.22082
61453.06860  r_LSST  25.10083  1.03748
61453.06780  r_LSST  25.60125  1.64494
61453.06690  r_LSST  24.88711  0.85210
61453.06610  r_LSST  26.26774  3.03910
61453.06530  r_LSST  27.81026  12.58205
61453.06490  r_LSST  25.91099  2.18799
61453.06400  r_LSST  25.12100  1.05693
61453.06360  r_LSST  24.62777  0.67105
61453.06320  r_LSST  30.62919  168.78058
61453.06280  r_LSST  25.03153  0.97333
61453.06190  r_LSST  29.26893  48.21907
61453.06150  r_LSST  24.96085  0.91198
61453.05930  i_LSST  24.78594  1.05164
61453.05890  i_LSST  25.63478  2.29828
61453.05850  i_LSST  28.48673  31.78216
61453.05720  i_LSST  28.87533  45.45934
61453.05640  i_LSST  24.18631  0.60536
61453.05600  i_LSST  25.60799  2.24227
61453.05560  i_LSST  25.35253  1.77216
61453.05520  i_LSST  25.37679  1.81220
61453.05470  i_LSST  24.69639  0.96838
61453.05390  i_LSST  25.60878  2.24389
61453.05350  i_LSST  23.78760  0.41931
61453.05310  i_LSST  25.22872  1.58117
61453.05270  i_LSST  25.57943  2.18405
61453.05220  i_LSST  24.37315  0.71904
61453.05000  g_LSST  25.59865  1.81563
61453.04840  g_LSST  24.66909  0.77127
61453.04750  g_LSST  25.08100  1.12711
61453.04670  g_LSST  25.52824  1.70162
61453.04630  g_LSST  26.75377  5.26108
61446.08600  z_LSST  24.31685  0.76991
61446.08480  z_LSST  24.77317  1.17211
61446.08310  z_LSST  25.80544  3.03303
61446.08230  z_LSST  28.02252  23.37280
61446.08190  z_LSST  25.95802  3.49069
61446.08100  z_LSST  24.75834  1.15621
61446.08060  z_LSST  24.72797  1.12432
61446.08020  z_LSST  24.69037  1.08605
61446.07890  z_LSST  24.46045  0.87878
61446.07730  z_LSST  26.48468  5.66989
61446.07690  z_LSST  24.06956  0.61309
61446.07640  z_LSST  24.87676  1.28945
61446.07360  u_LSST  26.67033  3.28109
61446.07320  u_LSST  25.63270  1.26173
61446.07200  u_LSST  29.84110  60.85947
61446.07020  r_LSST  26.57983  1.86198
61446.06980  r_LSST  25.28289  0.56390
61446.06940  r_LSST  27.92218  6.41087
61446.06820  r_LSST  29.23791  21.53821
61446.06650  r_LSST  26.42548  1.61524
61446.06400  r_LSST  25.59286  0.75022
61446.06320  r_LSST  25.40131  0.62888
61446.06270  r_LSST  26.26185  1.38926
61446.06230  r_LSST  26.75661  2.19122
61446.06010  i_LSST  33.36169  1574.32918
61446.05970  i_LSST  26.28521  2.32542
61446.05800  i_LSST  27.21886  5.49493
61446.05760  i_LSST  27.20841  5.44231
61446.05720  i_LSST  26.69968  3.40634
61446.05680  i_LSST  27.19947  5.39768
61446.05510  i_LSST  26.46231  2.73742
61446.05470  i_LSST  25.73665  1.40307
61446.05080  g_LSST  29.84319  25.65085
61446.05040  g_LSST  27.93565  4.42675
61446.04960  g_LSST  30.42241  43.73107
61446.04880  g_LSST  26.06706  0.79186
61446.04830  g_LSST  28.84629  10.24095
61446.04790  g_LSST  25.93663  0.70223
61439.09140  z_LSST  24.23617  0.80307
61439.08930  z_LSST  24.72346  1.25797
61439.08810  z_LSST  24.43901  0.96803
61439.08770  z_LSST  24.11870  0.72072
61439.08720  z_LSST  28.45370  39.06304
61439.08680  z_LSST  25.60604  2.83597
61439.08640  z_LSST  30.07964  174.63945
61439.08560  z_LSST  25.20083  1.95261
61439.08520  z_LSST  25.90077  3.72043
61439.08430  z_LSST  23.88317  0.58017
61439.08270  z_LSST  24.58960  1.11205
61439.08220  z_LSST  24.84012  1.40066
61439.08180  z_LSST  26.49279  6.41801
61439.08010  u_LSST  26.83858  4.53942
61439.07970  u_LSST  24.72872  0.65021
61439.07930  u_LSST  27.13932  5.98816
61439.07890  u_LSST  24.72367  0.64719
61439.07860  u_LSST  27.39504  7.57850
61439.07780  u_LSST  24.82246  0.70885
61439.07520  r_LSST  26.36146  2.06112
61439.07440  r_LSST  28.65442  17.03291
61439.07350  r_LSST  26.73753  2.91429
61439.07310  r_LSST  26.06784  1.57273
61439.07270  r_LSST  26.39804  2.13175
61439.07230  r_LSST  27.30114  4.89751
61439.06940  r_LSST  26.08824  1.60256
61439.06900  r_LSST  26.28351  1.91833
61439.06810  r_LSST  25.97518  1.44408
61439.06550  i_LSST  26.44441  3.00786
61439.06510  i_LSST  25.23315  0.98571
61439.06470  i_LSST  25.54267  1.31087
61439.06430  i_LSST  26.41816  2.93599
61439.06380  i_LSST  26.37414  2.81935
61439.06300  i_LSST  26.59765  3.46380
61439.06260  i_LSST  25.95590  1.91802
61439.06130  i_LSST  24.96311  0.76867
61439.06090  i_LSST  25.03098  0.81825
61439.06050  i_LSST  25.51701  1.28025
61439.05930  i_LSST  27.20057  6.03562
61439.05880  i_LSST  25.53600  1.30284
61439.05580  g_LSST  27.13579  2.47232
61439.05540  g_LSST  29.01062  13.90067
61439.05370  g_LSST  25.95571  0.83382
61439.05330  g_LSST  26.66124  1.59692
61439.05250  g_LSST  25.32508  0.46647
61435.13770  r_LSST  25.74712  1.15550
61431.11150  z_LSST  26.42340  5.63934
61431.11110  z_LSST  23.81027  0.50813
61431.10820  z_LSST  26.54364  6.29978
61431.10780  z_LSST  24.62188  1.07305
61431.10690  z_LSST  25.53555  2.48937
61431.10650  z_LSST  25.79177  3.15193
61431.10610  z_LSST  25.36445  2.12641
61431.10570  z_LSST  24.59710  1.04884
61431.10360  z_LSST  26.74401  7.57655
61431.10320  z_LSST  25.84990  3.32528
61431.10280  z_LSST  26.01555  3.87338
61431.09130  r_LSST  25.74859  1.18727
61431.09090  r_LSST  25.66635  1.10067
61431.09000  r_LSST  25.92963  1.40270
61431.08960  r_LSST  26.15440  1.72534
61431.08920  r_LSST  25.19436  0.71262
61431.08800  r_LSST  26.54742  2.47789
61431.08750  r_LSST  27.06556  3.99335
61431.08670  r_LSST  25.97801  1.46662
61431.08630  r_LSST  25.37886  0.84461
61431.08550  r_LSST  25.08782  0.64601
61431.08500  r_LSST  24.87619  0.53161
61431.08460  r_LSST  26.21769  1.82890
61431.08420  r_LSST  26.28170  1.93996
61431.08080  i_LSST  25.56296  1.24814
61431.07950  i_LSST  25.51766  1.19713
61431.07780  i_LSST  25.00402  0.74591
61431.07740  i_LSST  25.46110  1.13637
61431.07700  i_LSST  25.11343  0.82500
61431.07490  i_LSST  27.79805  9.77915
61431.07410  i_LSST  25.50602  1.18437
61431.07190  g_LSST  29.26205  13.85944
61431.07150  g_LSST  30.68488  51.38966
61431.07020  g_LSST  26.86971  1.53041
61431.06980  g_LSST  26.92507  1.61047
61431.06900  g_LSST  28.38594  6.18444
61431.06860  g_LSST  27.03229  1.77762
61431.06820  g_LSST  25.84932  0.59793
61425.09300  z_LSST  24.12211  0.57826
61425.06870  i_LSST  24.90161  0.96101
61424.09960  z_LSST  24.66282  0.86068
61424.09920  z_LSST  24.37859  0.66245
61424.09790  z_LSST  25.74627  2.33466
61424.09750  z_LSST  25.47115  1.81208
61424.09710  z_LSST  25.58154  2.00599
61424.09670  z_LSST  26.06570  3.13324
61424.09580  z_LSST  27.47298  11.45264
61424.09540  z_LSST  25.60270  2.04548
61424.09500  z_LSST  24.52213  0.75608
61424.09460  z_LSST  27.73036  14.51635
61424.09380  z_LSST  24.77550  0.95481
61424.09290  z_LSST  25.14882  1.34661
61424.09250  z_LSST  25.98586  2.91110
61424.08020  r_LSST  26.20765  2.02144
61424.07940  r_LSST  25.37039  0.93488
61424.07810  r_LSST  24.81059  0.55826
61424.07690  r_LSST  25.23939  0.82863
61424.07600  r_LSST  27.50650  6.68652
61424.07560  r_LSST  25.28221  0.86196
61424.07520  r_LSST  27.07528  4.49482
61424.07440  r_LSST  25.27925  0.85960
61424.07390  r_LSST  27.06202  4.44027
61424.07350  r_LSST  24.61897  0.46794
61424.07270  r_LSST  26.64085  3.01259
61424.07050  i_LSST  27.59260  8.97811
61424.07010  i_LSST  27.53637  8.52497
61424.06880  i_LSST  27.29529  6.82750
61424.06800  i_LSST  26.48188  3.22774
61424.06760  i_LSST  24.95826  0.79332
61424.06720  i_LSST  24.65690  0.60105
61424.06630  i_LSST  25.88763  1.86724
61424.06510  i_LSST  25.54278  1.35912
61424.06470  i_LSST  25.23964  1.02802
61424.06420  i_LSST  25.18276  0.97555
61424.06340  i_LSST  25.41025  1.20295
61424.06080  g_LSST  26.04145  1.70197
61424.05910  g_LSST  25.35234  0.90220
61424.05870  g_LSST  25.35779  0.90675
61424.05750  g_LSST  26.00492  1.64565
61419.12970  r_LSST  28.08516  6.28978
61417.14270  z_LSST  26.41690  5.39718
61417.14190  z_LSST  25.10278  1.60887
61417.14100  z_LSST  24.09160  0.63394
61417.14060  z_LSST  27.09501  10.07888
61417.13940  z_LSST  26.21863  4.49637
61417.13770  z_LSST  24.51034  0.93227
61417.13730  z_LSST  24.57880  0.99295
61417.13600  z_LSST  23.86537  0.51471
61417.13440  z_LSST  26.40550  5.34085
61417.13390  z_LSST  25.72924  2.86487
61417.13310  z_LSST  25.41154  2.13808
61417.13100  u_LSST  27.05051  5.19717
61417.13060  u_LSST  25.12800  0.88463
61417.13020  u_LSST  25.62345  1.39618
61417.12980  u_LSST  25.67432  1.46315
61417.12480  r_LSST  25.05378  0.59115
61417.12270  r_LSST  25.77062  1.14401
61417.12190  r_LSST  25.94098  1.33837
61417.12150  r_LSST  27.28483  4.61440
61417.12060  r_LSST  26.93844  3.35396
61417.12020  r_LSST  25.92586  1.31985
61417.11980  r_LSST  25.60209  0.97954
61417.11940  r_LSST  25.03228  0.57956
61417.11720  i_LSST  25.19340  0.88604
61417.11550  i_LSST  29.99305  73.67309
61417.11470  i_LSST  25.00084  0.74204
61417.11260  i_LSST  26.67203  3.45863
61417.11220  i_LSST  25.64954  1.34867
61417.11180  i_LSST  29.52728  47.97366
61417.11090  i_LSST  24.82437  0.63072
61417.10930  i_LSST  25.84884  1.62041
61417.10620  g_LSST  27.21910  2.52146
61417.10540  g_LSST  27.12228  2.30634
61417.10500  g_LSST  27.08021  2.21869
61417.10460  g_LSST  28.40015  7.48292
61417.10370  g_LSST  26.63175  1.46796
61413.13620  i_LSST  24.90275  0.59036
61413.11210  z_LSST  26.10558  3.46022
61411.11090  g_LSST  26.45049  0.92298
61409.14080  z_LSST  25.41648  2.49877
61409.14040  z_LSST  24.55772  1.13298
61409.13960  z_LSST  29.63798  121.99088
61409.13910  z_LSST  24.02999  0.69683
61409.13750  z_LSST  24.45789  1.03346
61409.13500  z_LSST  25.60817  2.98130
61409.13370  z_LSST  25.19143  2.03100
61409.13330  z_LSST  25.65068  3.10032
61409.13250  z_LSST  24.53283  1.10731
61409.13070  u_LSST  24.50495  0.53920
61409.13030  u_LSST  26.26525  2.72817
61409.13000  u_LSST  26.00929  2.15520
61409.12810  u_LSST  25.00279  0.85288
61409.12590  r_LSST  25.35709  0.94403
61409.12540  r_LSST  27.49684  6.77467
61409.12420  r_LSST  29.56900  45.68273
61409.12340  r_LSST  25.84971  1.48605
61409.12250  r_LSST  27.45300  6.50654
61409.12210  r_LSST  25.14588  0.77715
61409.12170  r_LSST  26.84427  3.71413
61409.12040  r_LSST  26.14078  1.94296
61409.11960  r_LSST  24.38244  0.38470
61409.11920  r_LSST  24.81660  0.57384
61409.11450  i_LSST  25.49009  1.70822
61409.11370  i_LSST  25.08176  1.17277
61409.11280  i_LSST  24.26083  0.55060
61409.11240  i_LSST  24.28923  0.56520
61409.11200  i_LSST  25.36747  1.52579
61409.11160  i_LSST  24.88068  0.97449
61409.11030  i_LSST  24.86791  0.96310
61409.10870  i_LSST  25.28554  1.41489
61409.10690  g_LSST  28.00477  7.60831
61409.10560  g_LSST  25.85758  1.05295
61409.10480  g_LSST  25.80422  1.00245
61409.10440  g_LSST  25.94884  1.14529
61409.10400  g_LSST  25.10685  0.52737
61402.15120  z_LSST  24.87746  1.22820
61402.15080  z_LSST  24.21926  0.66987
61402.15000  z_LSST  24.98870  1.36071
61402.14960  z_LSST  26.31843  4.63082
61402.14910  z_LSST  25.05594  1.44764
61402.14710  z_LSST  26.32369  4.65330
61402.14620  z_LSST  25.05240  1.44293
61402.14580  z_LSST  25.23036  1.69991
61402.14540  z_LSST  25.34321  1.88611
61402.14500  z_LSST  25.98954  3.42058
61402.14370  z_LSST  26.00557  3.47147
61402.13060  r_LSST  25.75842  0.95749
61402.12930  r_LSST  28.08451  8.15784
61402.12680  r_LSST  26.44791  1.80690
61402.12600  r_LSST  25.99188  1.18719
61402.12470  r_LSST  25.96943  1.16289
61402.12350  r_LSST  25.95955  1.15236
61402.12310  r_LSST  25.71787  0.92239
61402.12130  i_LSST  25.98591  1.46085
61402.11960  i_LSST  25.77250  1.20016
61402.11920  i_LSST  26.40153  2.14218
61402.11840  i_LSST  24.80897  0.49412
61402.11710  i_LSST  26.43864  2.21666
61402.11670  i_LSST  28.15165  10.73746
61402.11630  i_LSST  27.11750  4.14230
61402.11460  i_LSST  27.39775  5.36220
61402.11420  i_LSST  27.16576  4.33058
61402.11340  i_LSST  25.10265  0.64759
61402.11070  g_LSST  27.07827  1.73438
61402.11030  g_LSST  26.18979  0.76516
61402.10990  g_LSST  26.34997  0.88680
61402.10910  g_LSST  29.66767  18.83228
61402.10870  g_LSST  26.55906  1.07512
61396.07880  z_LSST  24.24923  0.74519
61396.07790  z_LSST  27.06715  9.98694
61396.07620  z_LSST  24.48173  0.92313
61396.07540  z_LSST  30.26225  189.44049
61396.07460  z_LSST  24.29153  0.77479
61396.07410  z_LSST  25.60760  2.60382
61396.07370  z_LSST  24.51223  0.94943
61396.07330  z_LSST  24.05303  0.62199
61396.07290  z_LSST  25.48927  2.33497
61396.07160  z_LSST  24.60518  1.03430
61396.07120  z_LSST  25.05535  1.56571
61396.07080  z_LSST  26.49329  5.88693
61396.06910  z_LSST  24.30879  0.78721
61396.05800  r_LSST  25.10711  0.85780
61395.30790  r_LSST  25.23151  1.25178
61395.30580  r_LSST  26.71245  4.89672
61395.30490  r_LSST  24.00292  0.40373
61395.30410  r_LSST  26.64788  4.61397
61395.30330  r_LSST  25.16410  1.17643
61395.30290  r_LSST  25.51311  1.62244
61395.30240  r_LSST  25.69413  1.91680
61395.30200  r_LSST  24.93245  0.95039
61395.30080  r_LSST  25.22668  1.24623
61395.29900  i_LSST  24.16066  0.70350
61395.29860  i_LSST  24.73217  1.19088
61395.29770  i_LSST  24.22524  0.74662
61395.29730  i_LSST  23.86332  0.53497
61395.29650  i_LSST  26.07710  4.10999
61395.29440  i_LSST  25.65824  2.79446
61395.29400  i_LSST  25.46737  2.34395
61395.29360  i_LSST  24.28387  0.78804
61395.29320  i_LSST  24.68353  1.13871
61395.29230  i_LSST  24.52661  0.98547
61395.29150  i_LSST  25.06144  1.61278
61395.29110  i_LSST  25.14829  1.74709
61395.28850  g_LSST  26.03630  1.77532
61395.28720  g_LSST  25.26796  0.87487
61395.28680  g_LSST  25.13418  0.77344
61395.03500  z_LSST  23.74255  0.56042
61388.17340  z_LSST  26.80993  5.67959
61388.17300  z_LSST  25.24322  1.34162
61388.17260  z_LSST  25.56873  1.81065
61388.17210  z_LSST  26.01679  2.73563
61388.17170  z_LSST  25.12345  1.20150
61388.17130  z_LSST  25.11299  1.18997
61388.17090  z_LSST  24.90241  0.98018
61388.17050  z_LSST  25.83630  2.31666
61388.16960  z_LSST  25.82183  2.28599
61388.16760  z_LSST  25.71926  2.07992
61388.16710  z_LSST  24.68342  0.80114
61388.16630  z_LSST  25.27748  1.38464
61388.16590  z_LSST  24.85188  0.93561
61388.16330  u_LSST  27.80663  7.72965
61388.16220  u_LSST  25.68245  1.09267
61388.16140  u_LSST  26.45686  2.22973
61388.16100  u_LSST  26.63683  2.63173
61388.16060  u_LSST  26.90011  3.35392
61388.15890  r_LSST  25.82720  0.81325
61388.15550  r_LSST  28.99208  15.00296
61388.15390  r_LSST  26.77445  1.94592
61388.15300  r_LSST  28.19467  7.19800
61388.15180  r_LSST  26.09056  1.03649
61388.14920  i_LSST  30.70091  115.69160
61388.14870  i_LSST  25.04568  0.63272
61388.14830  i_LSST  27.62150  6.78483
61388.14710  i_LSST  25.91449  1.40843
61388.14670  i_LSST  25.98646  1.50495
61388.14580  i_LSST  25.55933  1.01548
61388.14500  i_LSST  25.66130  1.11547
61388.14410  i_LSST  26.17896  1.79689
61388.14370  i_LSST  26.85007  3.33400
61388.14330  i_LSST  27.18749  4.54920
61388.14290  i_LSST  27.37662  5.41487
61388.14250  i_LSST  25.19072  0.72315
61388.14210  i_LSST  26.19970  1.83155
61388.14120  i_LSST  26.84954  3.33238
61388.13900  g_LSST  26.33431  1.00347
61388.13780  g_LSST  28.18847  5.53568
61388.13690  g_LSST  27.40718  2.69559
61388.13650  g_LSST  28.94124  11.07335
61382.20460  r_LSST  25.38678  0.57911
61381.20960  i_LSST  25.43389  0.98682
61381.09150  z_LSST  25.60460  1.87890
61381.09110  z_LSST  26.80861  5.69517
61381.09060  z_LSST  24.63229  0.76732
61381.09020  z_LSST  24.56490  0.72115
61381.08810  z_LSST  25.67149  1.99830
61381.08650  z_LSST  28.36248  23.82609
61381.08610  z_LSST  24.87996  0.96393
61381.08560  z_LSST  27.95427  16.35957
61381.08520  z_LSST  26.84904  5.91126
61381.08480  z_LSST  25.56142  1.80564
61381.08020  u_LSST  26.00658  1.80355
61381.07980  u_LSST  25.94044  1.69696
61381.07940  u_LSST  26.14423  2.04733
61381.07790  u_LSST  26.05943  1.89352
61381.07610  r_LSST  25.74156  0.89854
61381.07570  r_LSST  27.97557  7.03301
61381.07490  r_LSST  26.90611  2.62638
61381.07440  r_LSST  27.87786  6.42771
61381.07400  r_LSST  28.67220  13.35955
61381.07360  r_LSST  25.95094  1.08965
61381.07280  r_LSST  25.91572  1.05487
61381.07190  r_LSST  26.68475  2.14197
61381.07150  r_LSST  26.18048  1.34619
61381.07030  r_LSST  25.89138  1.03149
61381.06640  i_LSST  26.54722  2.75153
61381.06600  i_LSST  25.36692  0.92780
61381.06520  i_LSST  25.54361  1.09177
61381.06430  i_LSST  25.75678  1.32861
61381.06310  i_LSST  25.72677  1.29239
61381.06270  i_LSST  26.81939  3.53542
61381.06220  i_LSST  26.58053  2.83726
61381.06180  i_LSST  26.61033  2.91619
61381.06140  i_LSST  25.74475  1.31397
61381.06100  i_LSST  26.37371  2.34515
61381.06060  i_LSST  24.58942  0.45337
61381.05970  i_LSST  25.04587  0.69029
61381.05930  i_LSST  25.45173  1.00318
61381.05630  g_LSST  26.08435  0.70659
61381.05550  g_LSST  28.05920  4.35621
61381.05420  g_LSST  26.22385  0.80347
61381.05380  g_LSST  26.81694  1.38741
61379.21770  g_LSST  26.94075  1.57771
61377.23390  g_LSST  27.54969  3.28204
61373.24560  z_LSST  27.00000  7.36904
61373.24470  z_LSST  26.39809  4.23300
61373.24350  z_LSST  26.32933  3.97320
61373.24310  z_LSST  25.70745  2.24073
61373.24260  z_LSST  25.61322  2.05447
61373.24220  z_LSST  24.30056  0.61325
61373.24140  z_LSST  24.28225  0.60299
61373.24100  z_LSST  27.24055  9.19670
61373.24010  z_LSST  25.62812  2.08285
61373.23970  z_LSST  25.51681  1.87990
61373.23930  z_LSST  24.40267  0.67372
61373.23760  z_LSST  25.16518  1.35982
61373.23680  z_LSST  27.56472  12.39649
61373.23640  z_LSST  25.32142  1.57029
61373.23600  z_LSST  26.04293  3.05199
61373.22160  r_LSST  24.76167  0.52729
61373.22030  r_LSST  26.65375  3.01217
61373.21990  r_LSST  28.28299  13.50761
61373.21870  r_LSST  26.23273  2.04397
61373.21820  r_LSST  26.44057  2.47520
61373.21780  r_LSST  25.01428  0.66542
61373.21740  r_LSST  25.84123  1.42519
61373.21560  i_LSST  26.31139  2.19714
61373.21440  i_LSST  31.17600  193.95552
61373.21310  i_LSST  24.76040  0.52658
61373.21190  i_LSST  24.81307  0.55276
61373.21150  i_LSST  29.08006  28.14026
61373.21100  i_LSST  27.05280  4.34934
61373.20980  i_LSST  27.09716  4.53074
61373.20810  i_LSST  25.48147  1.02304
61373.20770  i_LSST  25.45483  0.99824
61373.20550  g_LSST  26.23737  1.54995
61373.20510  g_LSST  26.89828  2.84893
61373.20470  g_LSST  25.15074  0.56973
61373.20300  g_LSST  26.20819  1.50885
61373.20220  g_LSST  27.43188  4.65716
61373.11840  i_LSST  25.61948  1.16171
61370.28400  z_LSST  25.68034  2.27143
61369.24960  z_LSST  25.72648  2.70051
61367.06970  z_LSST  25.65224  2.38098
61367.06930  z_LSST  24.63071  0.92927
61367.06810  z_LSST  27.20181  9.92160
61367.06520  z_LSST  25.19554  1.56342
61367.06470  z_LSST  26.18845  3.90158
61367.06390  z_LSST  26.32716  4.43325
61367.06270  z_LSST  26.02474  3.35548
61367.06100  z_LSST  25.71289  2.51777
61367.06020  z_LSST  24.70205  0.99238
61367.04740  r_LSST  25.15728  0.97897
61367.04700  r_LSST  26.08820  2.30748
61367.04660  r_LSST  24.66755  0.62356
61367.04620  r_LSST  28.92392  31.43575
61367.04490  r_LSST  25.21203  1.02960
61367.04330  r_LSST  25.48015  1.31800
61367.04280  r_LSST  26.03595  2.19906
61367.04240  r_LSST  26.75943  4.28180
61367.04200  r_LSST  26.61410  3.74538
61367.04160  r_LSST  25.51667  1.36309
61366.33600  i_LSST  24.92218  0.90966
61366.33480  i_LSST  25.86965  2.17704
61366.33440  i_LSST  26.59321  4.23926
61366.33400  i_LSST  26.77918  5.03125
61366.33350  i_LSST  24.14328  0.44393
61366.33310  i_LSST  26.80679  5.16082
61366.33150  i_LSST  23.89710  0.35387
61366.33100  i_LSST  24.04210  0.40443
61366.33060  i_LSST  24.70276  0.74320
61366.33020  i_LSST  27.68587  11.59722
61366.32900  i_LSST  26.37421  3.46489
61366.32590  g_LSST  26.65874  1.93238
61366.32550  g_LSST  26.22798  1.29954
61366.32510  g_LSST  25.71384  0.80934
61366.32470  g_LSST  25.51058  0.67116
61366.32430  g_LSST  27.00409  2.65604
61366.32380  g_LSST  26.78440  2.16948
61366.32340  g_LSST  25.82585  0.89730
61365.27830  z_LSST  24.74817  1.11128
61363.26360  z_LSST  26.25734  3.16782
61359.14220  i_LSST  25.26141  0.91130
61359.11570  z_LSST  24.33877  0.60861
61359.11490  z_LSST  25.78519  2.30625
61359.11410  z_LSST  25.70944  2.15083
61359.11320  z_LSST  26.72983  5.50510
61359.11280  z_LSST  24.35803  0.61950
61359.11200  z_LSST  29.20469  53.79087
61359.11110  z_LSST  25.16932  1.30785
61359.10820  z_LSST  24.05914  0.47042
61359.10700  z_LSST  23.91617  0.41238
61359.10660  z_LSST  25.27441  1.44077
61359.10360  u_LSST  28.48850  17.29817
61359.10320  u_LSST  25.10749  0.76842
61359.10290  u_LSST  25.97848  1.71392
61359.10170  u_LSST  26.37216  2.46300
61359.09990  r_LSST  30.84943  97.48247
61359.09950  r_LSST  26.12310  1.25428
61359.09740  r_LSST  26.55005  1.85856
61359.09700  r_LSST  25.91208  1.03273
61359.09620  r_LSST  26.21734  1.36801
61359.09580  r_LSST  25.34014  0.60983
61359.09530  r_LSST  26.67792  2.09085
61359.09410  r_LSST  25.09087  0.48473
61359.09370  r_LSST  28.87155  15.76791
61359.09240  r_LSST  26.72414  2.18178
61359.09200  r_LSST  27.69314  5.32613
61359.09020  i_LSST  25.44084  1.07506
61359.08900  i_LSST  24.73405  0.56068
61359.08770  i_LSST  25.41284  1.04769
61359.08730  i_LSST  24.94338  0.67990
61359.08690  i_LSST  24.70695  0.54686
61359.08610  i_LSST  26.10547  1.98281
61359.08570  i_LSST  25.41850  1.05317
61359.08440  i_LSST  27.51625  7.27101
61359.08360  i_LSST  25.57412  1.21547
61359.08050  g_LSST  27.31933  3.48234
61359.07970  g_LSST  27.64241  4.68924
61359.07890  g_LSST  26.59490  1.78690
61359.07850  g_LSST  25.55024  0.68271
61359.07760  g_LSST  34.17861  1930.12229
61359.07720  g_LSST  25.98321  1.01724
61359.07680  g_LSST  26.65758  1.89309
61356.16290  i_LSST  25.84379  1.01227
61345.28090  z_LSST  28.37861  20.24918
61345.27970  z_LSST  27.62840  10.14662
61345.27930  z_LSST  26.24254  2.83126
61345.27890  z_LSST  26.41666  3.32375
61345.27840  z_LSST  27.30365  7.52356
61345.27800  z_LSST  27.39543  8.18717
61345.27680  z_LSST  26.06540  2.40504
61345.27640  z_LSST  28.92971  33.63924
61345.27590  z_LSST  25.77276  1.83683
61345.27390  z_LSST  24.35601  0.49816
61345.27340  z_LSST  25.90608  2.07680
61345.27300  z_LSST  26.95025  5.43331
61345.27220  z_LSST  24.75924  0.72221
61345.27180  z_LSST  24.97351  0.87976
61345.21410  r_LSST  24.70810  0.26898
61345.21370  r_LSST  27.01635  2.25437
61345.21330  r_LSST  26.74715  1.75931
61345.21290  r_LSST  28.26533  7.12221
61345.21160  r_LSST  26.42557  1.30831
61345.21120  r_LSST  25.85860  0.77611
61345.21030  r_LSST  26.40137  1.27947
61345.20950  r_LSST  25.32349  0.47411
61345.20910  r_LSST  27.60291  3.86941
61345.20870  r_LSST  26.30674  1.17268
61345.20830  r_LSST  25.85757  0.77538
61345.20780  r_LSST  25.56217  0.59068
61345.20740  r_LSST  25.98738  0.87384
61345.20560  i_LSST  25.03035  0.63837
61345.20480  i_LSST  26.95441  3.75575
61345.20440  i_LSST  25.75829  1.24810
61345.20310  i_LSST  24.82966  0.53063
61345.20190  i_LSST  27.68943  7.39102
61345.20020  i_LSST  28.74198  19.48605
61345.19770  i_LSST  25.97282  1.52076
61345.19590  g_LSST  26.97878  1.51348
61345.19340  g_LSST  28.39561  5.58099
61337.34670  z_LSST  25.06313  2.25628
61337.08600  z_LSST  25.33008  2.88518
61337.08560  z_LSST  25.28326  2.76342
61337.08520  z_LSST  24.91388  1.96649
61337.08470  z_LSST  23.59889  0.58573
61337.08430  z_LSST  27.47830  20.86707
61337.08390  z_LSST  27.23469  16.67309
61337.08310  z_LSST  25.94477  5.08216
61337.08180  z_LSST  23.84750  0.73645
61337.08060  z_LSST  26.07958  5.75401
61337.08020  z_LSST  25.44308  3.20163
61337.07970  z_LSST  24.06526  0.90001
61337.07850  z_LSST  25.06648  2.26325
61337.07770  z_LSST  24.55674  1.41527
61337.07680  z_LSST  25.13325  2.40680
61337.07640  z_LSST  24.26459  1.08137
61337.05930  r_LSST  28.51613  53.97734
61337.05640  r_LSST  23.78269  0.68997
61337.05600  r_LSST  24.37122  1.18644
61337.05560  r_LSST  24.47511  1.30558
61337.05480  r_LSST  25.25368  2.67443
61337.05390  r_LSST  25.56114  3.54989
61337.05310  r_LSST  26.38935  7.61203
61337.05270  r_LSST  24.19196  1.00587
61337.05140  r_LSST  28.29498  44.03031
61337.04920  i_LSST  29.07870  47.50566
61337.04880  i_LSST  26.38923  3.98983
61337.04840  i_LSST  24.90264  1.01465
61337.04710  i_LSST  28.88074  39.58747
61337.04670  i_LSST  26.49060  4.38028
61337.04590  i_LSST  26.21589  3.40109
61336.35910  i_LSST  28.15222  20.81608
61336.35870  i_LSST  25.73180  2.23991
61336.35830  i_LSST  26.21270  3.48810
61336.35790  i_LSST  24.36297  0.63489
61336.35710  i_LSST  24.23861  0.56618
61336.35660  i_LSST  29.11717  50.62650
61336.35620  i_LSST  25.14593  1.30581
61336.35540  i_LSST  26.51264  4.59797
61336.34420  g_LSST  28.29979  5.98084
61336.34170  g_LSST  26.38215  1.02259
61336.34090  g_LSST  29.71008  21.92180
61336.34050  g_LSST  28.02349  4.63702
61335.17180  r_LSST  25.04559  0.58662
61332.32800  i_LSST  28.67839  12.68413
61332.19060  r_LSST  28.11226  5.78472
61332.16580  g_LSST  25.87188  0.68218
61329.35540  z_LSST  25.75148  1.97311
61329.35500  z_LSST  24.79533  0.81789
61329.35370  z_LSST  24.65090  0.71601
61329.35290  z_LSST  25.95557  2.38115
61329.35040  z_LSST  26.55252  4.12636
61329.34960  z_LSST  25.13667  1.12002
61329.34920  z_LSST  26.39131  3.55701
61329.34870  z_LSST  27.64802  11.31788
61329.34790  z_LSST  26.51764  3.99589
61329.34220  u_LSST  26.34423  1.74950
61329.33960  r_LSST  25.88589  0.93117
61329.33880  r_LSST  28.43946  9.78276
61329.33670  r_LSST  26.94954  2.48024
61329.33630  r_LSST  25.11334  0.45710
61329.33550  r_LSST  25.33045  0.55828
61329.33460  r_LSST  26.56881  1.74663
61329.33380  r_LSST  26.25282  1.30558
61329.32950  i_LSST  26.76478  3.40842
61329.32910  i_LSST  25.77891  1.37469
61329.32740  i_LSST  26.67286  3.13173
61329.32660  i_LSST  29.36002  37.20905
61329.32620  i_LSST  27.69113  8.00002
61329.32530  i_LSST  27.86533  9.39231
61329.32450  i_LSST  24.73656  0.52634
61329.32410  i_LSST  25.53028  1.09333
61329.32370  i_LSST  25.47009  1.03437
61329.32330  i_LSST  26.11931  1.88090
61329.32280  i_LSST  26.55831  2.81816
61329.32240  i_LSST  28.39440  15.28980
61329.32200  i_LSST  25.25783  0.85069
61329.32020  g_LSST  25.50819  0.57092
61329.31900  g_LSST  25.53430  0.58482
61329.31860  g_LSST  25.53516  0.58528
61329.31810  g_LSST  28.13295  6.40443
61329.31730  g_LSST  27.97371  5.53074
61329.31690  g_LSST  26.02425  0.91834
61329.31650  g_LSST  29.61180  25.00473
61328.34010  r_LSST  26.80508  2.17591
61327.35460  z_LSST  25.56842  2.93849
61326.35470  i_LSST  25.00024  1.60240
61326.34330  z_LSST  25.13533  2.24612
61322.37130  z_LSST  25.34514  0.99708
61322.36960  z_LSST  25.66249  1.33558
61322.36880  z_LSST  24.78677  0.59619
61322.36790  z_LSST  26.26844  2.33375
61322.36490  u_LSST  25.95586  0.83929
61322.36340  u_LSST  27.35532  3.04575
61322.36050  r_LSST  26.12128  0.69545
61322.36010  r_LSST  26.17020  0.72750
61322.35970  r_LSST  27.84061  3.38840
61322.35920  r_LSST  25.69675  0.47038
61322.35880  r_LSST  26.84090  1.34930
61322.35840  r_LSST  26.20216  0.74923
61322.35670  r_LSST  26.99100  1.54936
61322.35590  r_LSST  27.56658  2.63259
61322.35550  r_LSST  31.99998  156.22238
61322.35510  r_LSST  27.05238  1.63946
61322.35420  r_LSST  27.10382  1.71901
61322.35340  r_LSST  26.67075  1.15359
61322.35300  r_LSST  27.70509  2.99080
61322.35260  r_LSST  28.84605  8.55400
61322.35000  i_LSST  25.43583  0.60796
61322.34950  i_LSST  26.65465  1.86813
61322.34870  i_LSST  26.88078  2.30068
61322.34790  i_LSST  26.14591  1.16926
61322.34750  i_LSST  28.80363  13.52063
61322.34700  i_LSST  25.76229  0.82122
61322.34500  i_LSST  27.20828  3.11070
61322.34450  i_LSST  26.11672  1.13824
61322.34370  i_LSST  26.83892  2.21367
61322.34290  i_LSST  29.02810  16.62597
61322.33940  g_LSST  26.19244  0.51076
61322.33900  g_LSST  26.51090  0.68485
61322.33860  g_LSST  29.57245  11.48733
61322.33820  g_LSST  26.65123  0.77934
61322.33730  g_LSST  26.95060  1.02678
61315.39340  r_LSST  27.19730  3.46099
61315.22060  z_LSST  26.73234  5.11977
61315.22020  z_LSST  24.89641  0.94380
61315.21720  z_LSST  25.26718  1.32797
61315.21680  z_LSST  24.70710  0.79279
61315.21640  z_LSST  25.12430  1.16422
61315.21600  z_LSST  24.99889  1.03722
61315.21520  z_LSST  25.09620  1.13447
61315.21470  z_LSST  25.14454  1.18613
61315.21390  z_LSST  27.71909  12.70426
61315.21270  z_LSST  25.00365  1.04178
61315.21180  z_LSST  25.33737  1.41665
61315.20080  r_LSST  25.69380  0.86657
61315.20030  r_LSST  27.72908  5.64827
61315.19990  r_LSST  25.31768  0.61285
61315.19950  r_LSST  25.41016  0.66734
61315.19700  r_LSST  25.48885  0.71750
61315.19660  r_LSST  26.38228  1.63379
61315.19580  r_LSST  28.34647  9.97397
61315.19490  r_LSST  26.05722  1.21107
61315.19330  r_LSST  26.44833  1.73625
61315.19110  i_LSST  26.65816  3.33841
61315.19060  i_LSST  25.90673  1.67097
61315.18980  i_LSST  26.80784  3.83187
61315.18860  i_LSST  26.50744  2.90570
61315.18810  i_LSST  26.10284  2.00176
61315.18650  i_LSST  26.55423  3.03366
61315.18610  i_LSST  25.83949  1.57062
61315.18560  i_LSST  25.17703  0.85327
61315.18520  i_LSST  24.85960  0.63697
61315.18480  i_LSST  27.46138  6.99565
61315.18440  i_LSST  25.63146  1.29676
61315.18360  i_LSST  25.23927  0.90362
61315.18140  g_LSST  28.57917  8.10261
61315.18090  g_LSST  26.00673  0.75797
61315.18010  g_LSST  26.55424  1.25503
61315.17970  g_LSST  26.34555  1.03557
61315.17840  g_LSST  26.95545  1.81610
61315.17800  g_LSST  25.80686  0.63053
61301.17050  z_LSST  26.15568  5.13157
61301.16920  z_LSST  27.79828  23.29637
61301.16800  z_LSST  24.56783  1.18881
61301.16750  z_LSST  25.63753  3.18413
61301.16670  z_LSST  24.13247  0.79609
61301.16500  z_LSST  24.11698  0.78482
61301.16420  z_LSST  25.30317  2.34016
61301.16300  z_LSST  25.81362  3.74476
61301.16250  z_LSST  25.23785  2.20351
61301.16130  z_LSST  24.46908  1.08545
61301.16090  z_LSST  23.71360  0.54128
61301.15020  r_LSST  24.81276  0.72049
61301.14980  r_LSST  25.09821  0.93714
61301.14900  r_LSST  25.89406  1.95051
61301.14810  r_LSST  24.76752  0.69108
61301.14650  r_LSST  25.39285  1.22932
61300.38950  r_LSST  26.76022  1.81126
61300.38860  r_LSST  33.56508  954.82020
61300.38820  r_LSST  26.52864  1.46335
61300.38780  r_LSST  26.39889  1.29852
61300.38740  r_LSST  25.84190  0.77741
61300.38610  r_LSST  26.06565  0.95532
61300.38430  i_LSST  25.48118  0.91266
61300.38270  i_LSST  27.19895  4.44034
61300.38100  i_LSST  27.50714  5.89785
61300.37930  i_LSST  26.66365  2.71206
61300.37890  i_LSST  26.62293  2.61223
61300.37680  i_LSST  25.34621  0.80597
61300.37420  g_LSST  26.58487  1.08573
61300.37340  g_LSST  27.12155  1.77989
61300.37250  g_LSST  27.07988  1.71288
61300.37170  g_LSST  27.03712  1.64672
61300.37130  g_LSST  29.17174  11.76169
61300.37090  g_LSST  26.98732  1.57290
61294.21290  z_LSST  24.30674  0.99592
61294.21250  z_LSST  24.75784  1.50890
61294.21040  z_LSST  24.52838  1.22146
61294.21000  z_LSST  27.77969  24.40060
61294.20880  z_LSST  24.99902  1.88423
61294.20830  z_LSST  26.67813  8.84663
61294.20790  z_LSST  25.13613  2.13786
61294.20750  z_LSST  26.08029  5.10084
61294.20710  z_LSST  24.59394  1.29748
61294.20630  z_LSST  28.55004  49.60678
61294.20580  z_LSST  23.83415  0.64445
61294.20540  z_LSST  25.15703  2.17940
61294.20460  z_LSST  24.22759  0.92589
61294.20380  z_LSST  23.76939  0.60713
61294.20160  u_LSST  24.42273  0.72257
61294.20080  u_LSST  24.20470  0.59111
61294.20050  u_LSST  23.99640  0.48792
61294.20010  u_LSST  24.63949  0.88223
61294.19890  u_LSST  25.88891  2.78840
61294.19710  r_LSST  26.10479  2.07047
61294.19670  r_LSST  25.13876  0.85046
61294.19550  r_LSST  24.45344  0.45240
61294.19510  r_LSST  33.02234  1210.83916
61294.19460  r_LSST  25.92675  1.75732
61294.19420  r_LSST  24.83450  0.64262
61294.19300  r_LSST  24.86366  0.66011
61294.19260  r_LSST  28.33858  16.20255
61294.19170  r_LSST  26.36959  2.64233
61294.19090  r_LSST  25.77493  1.52800
61294.19050  r_LSST  25.34764  1.03088
61294.18960  r_LSST  25.12318  0.83835
61294.18740  i_LSST  27.18780  8.97770
61294.18700  i_LSST  25.34638  1.64663
61294.18620  i_LSST  25.04963  1.25284
61294.18580  i_LSST  24.73785  0.94013
61294.18540  i_LSST  24.65410  0.87034
61294.18490  i_LSST  24.12813  0.53617
61294.18450  i_LSST  24.97712  1.17191
61294.18290  i_LSST  24.54964  0.79050
61294.18240  i_LSST  25.77861  2.45183
61294.18120  i_LSST  25.85434  2.62895
61294.17990  i_LSST  25.04887  1.25197
61294.17950  i_LSST  24.33041  0.64597
61294.17570  g_LSST  25.65462  0.97387
61294.17400  g_LSST  26.23208  1.65761
61286.26130  z_LSST  23.56713  0.38372
61286.26090  z_LSST  23.68463  0.42758
61286.26000  z_LSST  24.60782  1.00068
61286.25960  z_LSST  25.87166  3.20499
61286.25920  z_LSST  25.68196  2.69121
61286.25840  z_LSST  24.50846  0.91316
61286.25670  z_LSST  24.46652  0.87856
61286.25540  z_LSST  25.04700  1.49956
61286.25290  z_LSST  24.54856  0.94752
61286.24150  r_LSST  25.83248  1.64200
61286.24100  r_LSST  25.27911  0.98634
61286.24020  r_LSST  26.17399  2.24893
61286.23980  r_LSST  24.71899  0.58881
61286.23940  r_LSST  27.06076  5.08962
61286.23900  r_LSST  26.50111  3.03965
61286.23850  r_LSST  25.14313  0.87023
61286.23810  r_LSST  26.06255  2.02956
61286.23770  r_LSST  26.48119  2.98441
61286.23650  r_LSST  24.59884  0.52713
61286.23560  r_LSST  28.19133  14.41829
61286.23480  r_LSST  28.76775  24.51784
61286.23180  i_LSST  25.46340  1.88864
61286.23130  i_LSST  27.07926  8.36549
61286.23010  i_LSST  24.68580  0.92279
61286.22880  i_LSST  24.86452  1.08791
61286.22840  i_LSST  25.48798  1.93187
61286.22800  i_LSST  25.47362  1.90649
61286.22760  i_LSST  25.29542  1.61791
61286.22680  i_LSST  24.30594  0.65037
61286.22630  i_LSST  24.15130  0.56403
61286.22590  i_LSST  24.70255  0.93714
61286.22470  i_LSST  24.62270  0.87069
61286.22430  i_LSST  25.48452  1.92573
61286.22160  g_LSST  24.61050  0.53237
61286.22120  g_LSST  26.61477  3.37230
61286.22040  g_LSST  25.58847  1.31040
61286.21960  g_LSST  26.02834  1.96495
61286.21870  g_LSST  25.25448  0.96340
61283.38360  z_LSST  24.85894  0.98430
61281.27030  r_LSST  33.29901  2310.20636
61280.27390  z_LSST  24.09423  0.79204
61280.27270  z_LSST  24.63812  1.30708
61280.27230  z_LSST  25.33106  2.47446
61280.27100  z_LSST  24.32085  0.97588
61280.27060  z_LSST  25.32381  2.45798
61280.27020  z_LSST  24.07563  0.77859
61280.26850  z_LSST  25.05482  1.91861
61280.26770  z_LSST  23.50632  0.46087
61280.26730  z_LSST  24.29322  0.95135
61280.26640  z_LSST  24.51477  1.16671
61280.26600  z_LSST  25.95007  4.37607
61280.26560  z_LSST  26.60359  7.98898
61280.26440  z_LSST  24.29001  0.94855
61280.25290  r_LSST  25.83107  3.67436
61280.25200  r_LSST  23.87182  0.60462
61280.25120  r_LSST  24.28691  0.88617
61280.25080  r_LSST  23.80508  0.56857
61280.25040  r_LSST  25.47093  2.63709
61280.25000  r_LSST  27.30762  14.31537
61280.24910  r_LSST  23.74817  0.53954
61280.24790  r_LSST  25.44552  2.57608
61280.24750  r_LSST  27.06415  11.43968
61280.24620  r_LSST  26.44756  6.48300
61280.24580  r_LSST  25.23365  2.11941
61280.24320  i_LSST  25.79481  3.73080
61280.24280  i_LSST  23.70672  0.54522
61280.24230  i_LSST  24.30860  0.94912
61280.24190  i_LSST  25.63438  3.21834
61280.24070  i_LSST  24.67759  1.33326
61280.24030  i_LSST  26.04914  4.71558
61280.23940  i_LSST  26.16648  5.25379
61280.23900  i_LSST  24.82878  1.53247
61280.23780  i_LSST  24.52415  1.15755
61280.23730  i_LSST  23.66129  0.52287
61280.23650  i_LSST  24.21884  0.87381
61280.23610  i_LSST  23.92526  0.66678
61280.23390  g_LSST  24.24218  1.17641
61280.23310  g_LSST  23.88493  0.84657
61280.23180  g_LSST  25.31104  3.14849
61280.23140  g_LSST  25.44130  3.54981
61280.23100  g_LSST  24.71867  1.82455
61277.30710  i_LSST  25.70837  1.59693
61272.26860  z_LSST  27.23835  13.59368
61272.26820  z_LSST  26.75845  8.73724
61272.26780  z_LSST  24.57658  1.17120
61272.26740  z_LSST  27.41987  16.06736
61272.26610  z_LSST  25.18802  2.05685
61272.26570  z_LSST  24.35387  0.95399
61272.26240  z_LSST  23.84655  0.59788
61272.26190  z_LSST  23.68690  0.51612
61272.26150  z_LSST  24.31067  0.91678
61272.26070  z_LSST  25.34141  2.36897
61272.26030  z_LSST  24.78083  1.41361
61272.25900  z_LSST  25.46744  2.66056
61272.24710  r_LSST  25.23839  0.83554
61272.24590  r_LSST  26.60464  2.94081
61272.24550  r_LSST  26.68660  3.17142
61272.24500  r_LSST  25.44561  1.01124
61272.24420  r_LSST  24.76821  0.54187
61272.24380  r_LSST  25.81646  1.42297
61272.24340  r_LSST  27.39666  6.09925
61272.24250  r_LSST  26.19360  2.01397
61272.24210  r_LSST  25.82643  1.43610
61272.24170  r_LSST  25.36055  0.93504
61272.24130  r_LSST  24.96903  0.65196
61272.23830  i_LSST  26.14055  3.25168
61272.23740  i_LSST  27.58692  12.32126
61272.23700  i_LSST  24.81318  0.95755
61272.23580  i_LSST  24.59010  0.77970
61272.23530  i_LSST  25.60725  1.98970
61272.23490  i_LSST  24.79986  0.94587
61272.23410  i_LSST  26.33203  3.87879
61272.23370  i_LSST  24.62539  0.80545
61272.23280  i_LSST  25.61185  1.99813
61272.23240  i_LSST  30.52535  184.51254
61272.23160  i_LSST  26.03688  2.95555
61272.23080  i_LSST  25.68890  2.14509
61272.22860  g_LSST  23.99213  0.31663
61272.22770  g_LSST  25.23087  0.99093
61272.22730  g_LSST  27.33475  6.88010
61272.22690  g_LSST  25.04343  0.83381
61272.22610  g_LSST  29.35426  44.19747
61272.22520  g_LSST  25.70084  1.52767
61264.36090  z_LSST  24.94243  0.93077
61264.35970  z_LSST  24.91999  0.91174
61264.35890  z_LSST  25.49412  1.54711
61264.35800  z_LSST  25.08390  1.06032
61264.35720  z_LSST  27.40929  9.02795
61264.35590  z_LSST  25.21141  1.19244
61264.35430  z_LSST  26.53241  4.02565
61264.35300  z_LSST  25.12485  1.10106
61264.35260  z_LSST  26.07852  2.65021
61264.35220  z_LSST  25.25883  1.24568
61264.35180  z_LSST  24.54158  0.64344
61264.35000  u_LSST  26.05124  1.60620
61264.34970  u_LSST  25.30229  0.80578
61264.34930  u_LSST  25.43499  0.91054
61264.34890  u_LSST  25.76206  1.23062
61264.34850  u_LSST  26.73210  3.00706
61264.34770  u_LSST  25.61405  1.07380
61264.34560  r_LSST  26.03059  1.18426
61264.34430  r_LSST  28.59910  12.61400
61264.34350  r_LSST  27.82933  6.20791
61264.34270  r_LSST  26.62329  2.04424
61264.34180  r_LSST  26.68991  2.17358
61264.34100  r_LSST  26.44171  1.72941
61264.33970  r_LSST  25.40962  0.66844
61264.33930  r_LSST  25.88985  1.04029
61264.33890  r_LSST  30.03047  47.14112
61264.33500  i_LSST  26.38141  2.64987
61264.33300  i_LSST  26.29665  2.45087
61264.33250  i_LSST  26.41001  2.72060
61264.33210  i_LSST  27.68384  8.79421
61264.33130  i_LSST  25.53294  1.21293
61264.33050  i_LSST  25.91496  1.72442
61264.32960  i_LSST  25.40325  1.07637
61264.32920  i_LSST  31.35403  258.38810
61264.32580  g_LSST  25.97553  0.79431
61264.32450  g_LSST  25.92307  0.75684
61264.32410  g_LSST  27.11811  2.27521
61264.32330  g_LSST  26.62483  1.44447
61264.32240  g_LSST  26.88146  1.82962
61257.33890  z_LSST  24.39754  0.93776
61257.33850  z_LSST  24.88653  1.47126
61257.33770  z_LSST  24.29941  0.85673
61257.33720  z_LSST  24.80480  1.36457
61257.33470  z_LSST  27.71548  19.91910
61257.33350  z_LSST  24.13353  0.73534
61257.33310  z_LSST  24.33465  0.88499
61257.33270  z_LSST  24.29206  0.85095
61257.33140  z_LSST  26.41134  5.99257
61257.33100  z_LSST  24.86695  1.44497
61257.33060  z_LSST  24.61449  1.14518
61257.31910  r_LSST  24.99921  0.75413
61257.31870  r_LSST  28.64184  21.60197
61257.31830  r_LSST  26.70337  3.62333
61257.31740  r_LSST  26.23121  2.34554
61257.31700  r_LSST  25.91881  1.75907
61257.31660  r_LSST  25.62144  1.33762
61257.31620  r_LSST  25.09574  0.82424
61257.31530  r_LSST  25.31265  1.00651
61257.31490  r_LSST  27.14161  5.42505
61257.31280  r_LSST  25.68074  1.41272
61257.31240  r_LSST  24.89243  0.68349
61257.31200  r_LSST  26.06616  2.01477
61257.30900  i_LSST  24.57337  0.84914
61257.30770  i_LSST  25.00631  1.26520
61257.30730  i_LSST  24.72071  0.97257
61257.30650  i_LSST  27.05127  8.32037
61257.30610  i_LSST  24.83737  1.08288
61257.30560  i_LSST  24.68299  0.93936
61257.30520  i_LSST  25.94535  3.00452
61257.30480  i_LSST  24.05158  0.52513
61257.30400  i_LSST  26.72277  6.14808
61257.30360  i_LSST  27.66302  14.61644
61257.30230  i_LSST  24.30379  0.66244
61257.30190  i_LSST  25.03327  1.29700
61257.30150  i_LSST  24.97940  1.23423
61257.29970  g_LSST  26.60809  5.12231
61257.29890  g_LSST  24.36255  0.64751
61257.29840  g_LSST  24.71937  0.89945
61257.29760  g_LSST  26.61360  5.14835
61257.29680  g_LSST  25.34461  1.59982
61257.29640  g_LSST  25.04265  1.21140
61257.29590  g_LSST  27.43041  10.92426
61232.41260  i_LSST  26.43108  2.80880
61139.00640  z_LSST  24.85816  2.11449
61106.06560  z_LSST  24.28278  1.00807
61106.06480  z_LSST  23.64371  0.55958
61106.06440  z_LSST  25.20170  2.34997
61106.06390  z_LSST  24.24015  0.96926
61106.06350  z_LSST  23.82649  0.66218
61106.06310  z_LSST  25.74582  3.87891
61106.06270  z_LSST  24.45011  1.17605
61106.06020  z_LSST  23.91436  0.71800
61106.05980  z_LSST  24.13836  0.88252
61106.05850  z_LSST  24.88920  1.76223
61106.05810  z_LSST  24.38859  1.11127
61106.04750  r_LSST  25.84835  2.08366
61106.04700  r_LSST  25.64362  1.72557
61106.04660  r_LSST  24.98692  0.94244
61106.04540  r_LSST  25.38037  1.35405
61106.04500  r_LSST  26.40867  3.49103
61106.04450  r_LSST  25.15453  1.09976
61106.04370  r_LSST  25.61379  1.67881
61106.04330  r_LSST  24.49746  0.60044
61106.04200  r_LSST  25.25364  1.20487
61106.04120  r_LSST  25.10325  1.04902
61106.04080  r_LSST  25.28354  1.23851
61106.04040  r_LSST  24.99678  0.95104
61106.03780  i_LSST  25.15867  1.39289
61106.03690  i_LSST  24.61091  0.84103
61106.03650  i_LSST  26.24405  3.78504
61106.03530  i_LSST  25.52504  1.95195
61106.03440  i_LSST  25.58122  2.05560
61106.03360  i_LSST  25.05601  1.26723
61106.03280  i_LSST  25.49639  1.90111
61106.03230  i_LSST  24.95663  1.15638
61106.03150  i_LSST  27.15259  8.73951
61106.03110  i_LSST  24.29064  0.62619
61106.03070  i_LSST  24.08125  0.51636
61106.03030  i_LSST  25.40035  1.74016
61106.02980  i_LSST  24.66423  0.88337
61106.02810  g_LSST  25.52257  0.69749
61106.02760  g_LSST  25.59910  0.74843
61106.02640  g_LSST  24.92890  0.40371
61106.02470  g_LSST  26.17627  1.27356
61096.07640  z_LSST  25.67404  3.20940
61096.07560  z_LSST  25.99083  4.29675
61096.07520  z_LSST  25.65941  3.16646
61096.07430  z_LSST  23.77239  0.55688
61096.07310  z_LSST  25.59930  2.99591
61096.07270  z_LSST  25.57251  2.92288
61096.07180  z_LSST  24.81697  1.45745
61096.06980  z_LSST  23.81191  0.57753
61096.06930  z_LSST  25.38216  2.45286
61096.06890  z_LSST  24.94035  1.63286
61096.06850  z_LSST  25.66109  3.17135
61096.06810  z_LSST  24.05513  0.72254
61096.05620  r_LSST  26.10979  1.93882
61096.05540  r_LSST  25.11174  0.77325
61096.05450  r_LSST  24.62660  0.49461
61096.05410  r_LSST  27.01523  4.46391
61096.05290  r_LSST  27.33602  5.99832
61096.05160  r_LSST  26.40153  2.53651
61096.05120  r_LSST  25.32423  0.94041
61096.05080  r_LSST  25.44175  1.04791
61096.05040  r_LSST  27.14140  5.01399
61096.04870  r_LSST  31.99714  439.01392
61096.04830  r_LSST  25.44230  1.04844
61096.04610  i_LSST  24.55448  0.58797
61096.04570  i_LSST  25.40289  1.28446
61096.04530  i_LSST  25.08767  0.96080
61096.04480  i_LSST  28.38947  20.10727
61096.04440  i_LSST  25.03855  0.91830
61096.04400  i_LSST  26.33204  3.02261
61096.04360  i_LSST  25.29155  1.15927
61096.04320  i_LSST  29.37472  49.82560
61096.04230  i_LSST  27.23026  6.91306
61096.04150  i_LSST  24.81123  0.74483
61096.04030  i_LSST  25.28503  1.15233
61096.03980  i_LSST  25.65552  1.62096
61096.03940  i_LSST  25.26999  1.13648
61096.03860  i_LSST  24.33508  0.48039
61096.03600  g_LSST  26.52248  2.50374
61096.03560  g_LSST  25.13513  0.69767
61096.03510  g_LSST  26.29038  2.02185
61096.03430  g_LSST  27.10911  4.29775
61096.03390  g_LSST  25.72794  1.20440
61088.07930  z_LSST  23.90208  0.59488
61088.07890  z_LSST  25.91489  3.79801
61088.07760  z_LSST  24.60022  1.13159
61088.07720  z_LSST  27.99876  25.88835
61088.07680  z_LSST  24.79122  1.34924
61088.07640  z_LSST  24.11614  0.72453
61088.07550  z_LSST  25.96988  3.99532
61088.07390  z_LSST  24.47898  1.01203
61088.07350  z_LSST  24.60687  1.13854
61088.07220  z_LSST  23.79605  0.53954
61088.07180  z_LSST  24.86499  1.44409
61088.07140  z_LSST  24.39281  0.93481
61088.06680  u_LSST  25.94734  1.73822
61088.06640  u_LSST  26.38567  2.60277
61088.06600  u_LSST  24.83286  0.62275
61088.06530  u_LSST  25.54357  1.19839
61088.06350  r_LSST  27.34828  4.61506
61088.06270  r_LSST  25.25162  0.66913
61088.06180  r_LSST  26.75733  2.67791
61088.06060  r_LSST  27.54219  5.51745
61088.05890  r_LSST  28.26632  10.74956
61088.05850  r_LSST  25.24447  0.66474
61088.05810  r_LSST  25.49718  0.83895
61088.05770  r_LSST  25.83413  1.14423
61088.05680  r_LSST  27.65364  6.11390
61088.05640  r_LSST  30.86032  117.21706
61088.05600  r_LSST  27.70457  6.40755
61088.05560  r_LSST  26.80147  2.78903
61088.05380  i_LSST  29.09665  32.80230
61088.05300  i_LSST  24.86479  0.66552
61088.05090  i_LSST  25.90631  1.73688
61088.05050  i_LSST  29.03371  30.95473
61088.05010  i_LSST  25.79106  1.56196
61088.04920  i_LSST  25.99703  1.88823
61088.04840  i_LSST  28.67614  22.26891
61088.04800  i_LSST  27.26859  6.09091
61088.04760  i_LSST  29.55742  50.14344
61088.04710  i_LSST  25.87126  1.68170
61088.04670  i_LSST  25.40895  1.09856
61088.04630  i_LSST  26.74583  3.76338
61088.04330  g_LSST  26.05185  0.89448
61088.04200  g_LSST  26.20680  1.03168
61088.04160  g_LSST  27.11229  2.37545
61088.04120  g_LSST  27.37796  3.03398
61088.04040  g_LSST  26.23443  1.05827
61081.09130  z_LSST  25.02324  1.49378
61081.09010  z_LSST  24.66190  1.07090
61081.08970  z_LSST  28.40889  33.77113
61081.08930  z_LSST  26.51325  5.89237
61081.08630  z_LSST  25.83845  3.16498
61081.08510  z_LSST  24.32141  0.78263
61081.08430  z_LSST  24.67068  1.07960
61081.08300  z_LSST  24.44710  0.87867
61081.07150  r_LSST  27.11262  3.39037
61081.06820  r_LSST  26.19570  1.45707
61081.06740  r_LSST  25.64418  0.87674
61081.06690  r_LSST  25.24116  0.60487
61081.06610  r_LSST  26.43377  1.81430
61081.06570  r_LSST  26.48758  1.90648
61081.06530  r_LSST  27.04581  3.18803
61081.06440  r_LSST  26.43279  1.81264
61081.06220  i_LSST  25.00544  0.79174
61081.06100  i_LSST  26.40878  2.88352
61081.06060  i_LSST  28.52809  20.30702
61081.05850  i_LSST  24.23133  0.38810
61081.05810  i_LSST  24.63433  0.56252
61081.05720  i_LSST  26.24170  2.47223
61081.05640  i_LSST  28.05815  13.17255
61081.05600  i_LSST  27.04091  5.16146
61081.05520  i_LSST  24.86465  0.69545
61081.05430  i_LSST  25.97737  1.93801
61081.05250  g_LSST  27.80507  4.28788
61081.05130  g_LSST  25.48909  0.50799
61081.05090  g_LSST  25.24286  0.40491
61081.05050  g_LSST  25.97395  0.79395
61081.05000  g_LSST  25.85432  0.71112
61081.04960  g_LSST  26.78492  1.67565
61081.04880  g_LSST  27.58544  3.50262
61074.09960  z_LSST  25.70974  2.85529
61074.09830  z_LSST  24.98269  1.46160
61074.09750  z_LSST  24.52238  0.95655
61074.09670  z_LSST  25.17512  1.74503
61074.09620  z_LSST  24.20148  0.71178
61074.09370  z_LSST  25.07649  1.59349
61074.09330  z_LSST  27.21448  11.41685
61074.07890  r_LSST  25.49686  1.53394
61074.07810  r_LSST  24.87329  0.86374
61074.07770  r_LSST  25.27221  1.24724
61074.07730  r_LSST  25.70342  1.85537
61074.07680  r_LSST  25.10882  1.07298
61074.07600  r_LSST  25.66486  1.79063
61074.07560  r_LSST  24.20635  0.46731
61074.07430  r_LSST  25.38414  1.38268
61074.07390  r_LSST  25.86134  2.14586
61074.07350  r_LSST  25.92256  2.27033
61074.07310  r_LSST  25.88819  2.19958
61074.07230  r_LSST  27.54418  10.10968
61074.06880  i_LSST  24.93524  1.00561
61074.06840  i_LSST  24.83919  0.92047
61074.06710  i_LSST  24.88374  0.95903
61074.06670  i_LSST  26.12347  3.00416
61074.06630  i_LSST  25.92001  2.49081
61074.06550  i_LSST  25.33374  1.45155
61074.06510  i_LSST  24.93697  1.00721
61074.06340  i_LSST  24.91132  0.98370
61074.06300  i_LSST  25.98606  2.64704
61074.06210  i_LSST  28.34637  23.27458
61074.06170  i_LSST  24.57251  0.72001
61074.05950  g_LSST  25.72231  1.50621
61074.05910  g_LSST  28.27543  15.81742
61074.05870  g_LSST  26.96189  4.71756
61067.07730  z_LSST  24.48134  0.77533
61067.05500  z_LSST  25.09036  1.35861
61066.20850  z_LSST  24.30238  1.39834
61066.20760  z_LSST  25.40839  3.87274
61066.20720  z_LSST  23.94065  1.00213
61066.20680  z_LSST  24.96704  2.57915
61066.20640  z_LSST  25.51131  4.25781
61066.20600  z_LSST  25.51614  4.27679
61066.20470  z_LSST  25.34208  3.64328
61066.20430  z_LSST  24.14895  1.21406
61066.20390  z_LSST  23.44497  0.63482
61066.20350  z_LSST  25.01475  2.69502
61066.20310  z_LSST  24.28852  1.38060
61066.20260  z_LSST  23.65451  0.76995
61066.20140  z_LSST  23.68519  0.79202
61066.20100  z_LSST  23.11344  0.46777
61066.19030  r_LSST  24.49417  0.50528
61066.18950  r_LSST  25.59744  1.39585
61066.18910  r_LSST  25.50318  1.27979
61066.18870  r_LSST  25.65791  1.47580
61066.18820  r_LSST  25.43581  1.20279
61066.18780  r_LSST  25.21615  0.98249
61066.18740  r_LSST  25.64671  1.46066
61066.18700  r_LSST  24.57160  0.54264
61066.18660  r_LSST  25.34638  1.10769
61066.18450  r_LSST  27.08838  5.51083
61066.18370  r_LSST  24.86960  0.71401
61066.18320  r_LSST  25.40443  1.16852
61066.18280  r_LSST  25.54666  1.33208
61066.18020  i_LSST  25.30473  1.29572
61066.17980  i_LSST  24.75318  0.77964
61066.17940  i_LSST  26.00442  2.46825
61066.17900  i_LSST  27.50463  9.82822
61066.17810  i_LSST  24.98978  0.96947
61066.17730  i_LSST  26.53267  4.01504
61066.17650  i_LSST  26.36960  3.45510
61066.17560  i_LSST  25.27910  1.26550
61066.17520  i_LSST  25.82466  2.09164
61066.17480  i_LSST  24.95132  0.93573
61066.17440  i_LSST  25.06601  1.03998
61066.17270  i_LSST  25.08286  1.05625
61066.17090  g_LSST  26.95113  2.22683
61066.17010  g_LSST  25.88488  0.83404
61066.16970  g_LSST  26.37690  1.31218
61066.16930  g_LSST  26.71710  1.79503
61066.16880  g_LSST  29.41041  21.44864
61066.16840  g_LSST  28.45402  8.88875
61066.16800  g_LSST  26.18156  1.09613
61066.16720  g_LSST  25.56075  0.61878
61059.09740  z_LSST  27.17739  9.96609
61059.09620  z_LSST  26.59419  5.82427
61059.09580  z_LSST  25.08380  1.44907
61059.09540  z_LSST  24.96464  1.29844
61059.09450  z_LSST  27.24081  10.56549
61059.09410  z_LSST  24.39152  0.76590
61059.09370  z_LSST  25.71472  2.59092
61059.09290  z_LSST  26.21292  4.09955
61059.08870  z_LSST  27.06062  8.94980
61059.08830  z_LSST  27.15972  9.80518
61059.08570  u_LSST  25.65444  1.22636
61059.08500  u_LSST  25.81205  1.41795
61059.08460  u_LSST  25.06666  0.71368
61059.08420  u_LSST  25.32661  0.90674
61059.08380  u_LSST  27.44672  6.39039
61059.08160  r_LSST  25.48027  0.64688
61059.08120  r_LSST  25.68850  0.78364
61059.08080  r_LSST  26.71787  2.02239
61059.07910  r_LSST  26.63636  1.87613
61059.07870  r_LSST  26.32279  1.40551
61059.07830  r_LSST  25.89341  0.94641
61059.07790  r_LSST  25.22256  0.51020
61059.07750  r_LSST  29.69801  31.47174
61059.07710  r_LSST  26.03767  1.08090
61059.07540  r_LSST  26.01865  1.06213
61059.07500  r_LSST  26.26060  1.32726
61059.07460  r_LSST  26.91896  2.43389
61059.07370  r_LSST  26.31467  1.39504
61059.07190  i_LSST  25.88735  1.48307
61059.07110  i_LSST  27.57464  7.01578
61059.07030  i_LSST  28.02237  10.59659
61059.06940  i_LSST  26.44308  2.47429
61059.06900  i_LSST  26.57126  2.78436
61059.06860  i_LSST  25.19874  0.78653
61059.06820  i_LSST  24.69474  0.49444
61059.06740  i_LSST  27.17319  4.84723
61059.06690  i_LSST  25.39792  0.94490
61059.06490  i_LSST  26.65608  3.01058
61059.06440  i_LSST  26.19863  1.97547
61059.06400  i_LSST  24.56579  0.43907
61059.06220  g_LSST  26.48762  1.14144
61059.06180  g_LSST  27.06249  1.93822
61059.06140  g_LSST  26.13578  0.82550
61059.06100  g_LSST  26.19464  0.87149
61059.05970  g_LSST  26.93084  1.71689
61059.05930  g_LSST  27.36886  2.57012
61053.06250  u_LSST  27.94490  7.66887
61052.10270  z_LSST  25.69215  2.38840
61052.10230  z_LSST  25.03438  1.30317
61052.10140  z_LSST  23.83916  0.43342
61052.10060  z_LSST  23.84569  0.43604
61052.10020  z_LSST  26.31753  4.24874
61052.09810  z_LSST  25.60810  2.21049
61052.09770  z_LSST  25.88557  2.85413
61052.09730  z_LSST  24.79364  1.04400
61052.09640  z_LSST  25.86764  2.80740
61052.09600  z_LSST  26.77044  6.44797
61052.09520  z_LSST  24.71308  0.96935
61052.09440  z_LSST  24.27707  0.64875
61052.09390  z_LSST  24.67663  0.93734
61052.09350  z_LSST  25.02644  1.29366
61052.08200  r_LSST  26.33135  1.49780
61052.08040  r_LSST  26.38369  1.57177
61052.08000  r_LSST  25.93070  1.03560
61052.07910  r_LSST  25.86589  0.97560
61052.07830  r_LSST  25.63357  0.78766
61052.07790  r_LSST  28.70453  13.32678
61052.07750  r_LSST  26.17662  1.29886
61052.07700  r_LSST  25.90550  1.01184
61052.07660  r_LSST  26.30354  1.45993
61052.07620  r_LSST  26.11478  1.22695
61052.07580  r_LSST  27.54563  4.58317
61052.07540  r_LSST  27.95368  6.67402
61052.07280  i_LSST  26.71985  3.40918
61052.07150  i_LSST  24.83627  0.60148
61052.07070  i_LSST  26.48821  2.75419
61052.07030  i_LSST  24.95052  0.66822
61052.06980  i_LSST  26.54032  2.88962
61052.06940  i_LSST  25.55671  1.16787
61052.06900  i_LSST  25.85730  1.54039
61052.06860  i_LSST  27.30042  5.81944
61052.06780  i_LSST  24.80088  0.58219
61052.06730  i_LSST  27.48299  6.88506
61052.06690  i_LSST  28.24585  13.90114
61052.06650  i_LSST  25.17412  0.82103
61052.06610  i_LSST  26.17829  2.07027
61052.06570  i_LSST  26.21136  2.13430
61052.06220  g_LSST  27.97527  4.92219
61052.06100  g_LSST  28.11616  5.60422
61052.06060  g_LSST  26.69534  1.51421
61052.06010  g_LSST  26.93903  1.89524
61052.05970  g_LSST  25.98019  0.78366
61051.15810  i_LSST  24.71577  0.48057
61044.11600  z_LSST  24.30216  0.94219
61044.11560  z_LSST  25.49139  2.81727
61044.11520  z_LSST  23.82689  0.60817
61044.11480  z_LSST  24.85151  1.56270
61044.11440  z_LSST  24.82613  1.52659
61044.11350  z_LSST  23.54933  0.47098
61044.11270  z_LSST  24.90144  1.63625
61044.11230  z_LSST  26.80576  9.45318
61044.11190  z_LSST  24.64571  1.29287
61044.11100  z_LSST  24.28660  0.92878
61044.11060  z_LSST  25.58864  3.08125
61044.11020  z_LSST  25.20941  2.17289
61044.10940  z_LSST  23.93556  0.67220
61044.10850  z_LSST  25.85341  3.93221
61044.10810  z_LSST  23.77239  0.57840
61044.10640  z_LSST  25.56854  3.02475
61044.09540  r_LSST  25.33945  1.42763
61044.09500  r_LSST  24.91632  0.96686
61044.09450  r_LSST  24.29995  0.54804
61044.09330  r_LSST  25.40607  1.51798
61044.09290  r_LSST  24.19613  0.49807
61044.09250  r_LSST  25.57152  1.76785
61044.09040  r_LSST  27.90443  15.15686
61044.08910  r_LSST  27.78241  13.54571
61044.08790  r_LSST  27.08900  7.15213
61044.08610  i_LSST  24.26840  0.67315
61044.08570  i_LSST  25.32664  1.78405
61044.08530  i_LSST  24.79006  1.08837
61044.08480  i_LSST  24.49947  0.83280
61044.08400  i_LSST  25.79874  2.75580
61044.08360  i_LSST  24.86554  1.16672
61044.08320  i_LSST  25.04148  1.37197
61044.08280  i_LSST  24.82791  1.12698
61044.08230  i_LSST  24.83148  1.13070
61044.08150  i_LSST  25.05600  1.39044
61044.08110  i_LSST  24.13488  0.59526
61044.08070  i_LSST  24.14866  0.60286
61044.08020  i_LSST  24.40034  0.76013
61044.07980  i_LSST  24.72176  1.02202
61044.07940  i_LSST  24.51137  0.84198
61044.07900  i_LSST  26.84662  7.23434
61044.07860  i_LSST  23.97106  0.51189
61044.07470  g_LSST  25.24169  1.48668
61044.07390  g_LSST  25.88218  2.68172
61044.07350  g_LSST  26.96130  7.24537
61044.07300  g_LSST  28.32149  25.35934
61044.07260  g_LSST  23.73624  0.37157
61041.18030  i_LSST  24.12261  0.50187
61041.15630  z_LSST  24.96545  1.01516
61038.14780  z_LSST  23.96490  0.41808
61038.14740  z_LSST  24.11247  0.47895
61038.14700  z_LSST  25.15415  1.25014
61038.14660  z_LSST  24.13383  0.48846
61038.14620  z_LSST  24.83111  0.92842
61038.14570  z_LSST  24.49947  0.68405
61038.14530  z_LSST  24.51344  0.69290
61038.14490  z_LSST  25.08442  1.17237
61038.14450  z_LSST  24.42886  0.64098
61038.14410  z_LSST  24.56828  0.72880
61038.14370  z_LSST  24.93652  1.02307
61038.14320  z_LSST  24.03076  0.44422
61038.14280  z_LSST  24.91027  0.99863
61038.14240  z_LSST  26.11946  3.04147
61038.14200  z_LSST  24.42273  0.63736
61038.14160  z_LSST  24.65735  0.79111
61038.14120  z_LSST  24.84837  0.94329
61038.14070  z_LSST  24.52283  0.69893
61038.14030  z_LSST  24.19273  0.51569
61038.13990  z_LSST  23.98647  0.42647
61038.13950  z_LSST  24.92006  1.00768
61038.13870  z_LSST  23.98056  0.42415
61038.13820  z_LSST  25.11263  1.20323
61038.12760  r_LSST  25.61740  1.06289
61038.12720  r_LSST  26.22671  1.86299
61038.12680  r_LSST  24.52143  0.38735
61038.12640  r_LSST  26.22958  1.86791
61038.12510  r_LSST  26.36166  2.10956
61038.12470  r_LSST  25.75563  1.20720
61038.12430  r_LSST  26.02782  1.55115
61038.12390  r_LSST  26.07404  1.61862
61038.12340  r_LSST  25.62802  1.07333
61038.12300  r_LSST  27.20892  4.60359
61038.12180  r_LSST  25.50230  0.95597
61038.12090  r_LSST  27.46573  5.83200
61038.12050  r_LSST  25.67554  1.12136
61038.12010  r_LSST  26.45163  2.29180
61038.11970  r_LSST  25.56158  1.00962
61038.11790  i_LSST  24.58649  0.45787
61038.11750  i_LSST  25.13489  0.75876
61038.11710  i_LSST  24.86492  0.59172
61038.11620  i_LSST  24.87558  0.59755
61038.11580  i_LSST  24.80050  0.55763
61038.11460  i_LSST  27.99434  10.56526
61038.11370  i_LSST  24.74935  0.53197
61038.11330  i_LSST  25.31910  0.89905
61038.11290  i_LSST  24.59663  0.46217
61038.11250  i_LSST  26.48565  2.63271
61038.11210  i_LSST  26.12673  1.89163
61038.11170  i_LSST  25.21228  0.81481
61038.11120  i_LSST  25.13023  0.75551
61038.11080  i_LSST  26.02196  1.71762
61038.11040  i_LSST  24.80663  0.56079
61038.11000  i_LSST  24.55151  0.44335
61038.10610  g_LSST  27.22088  3.91342
61038.10570  g_LSST  25.90320  1.16275
61038.10530  g_LSST  26.58270  2.17412
61038.10490  g_LSST  25.38785  0.72335
61038.10450  g_LSST  25.98978  1.25926
61029.18400  z_LSST  24.31768  0.49141
61029.18360  z_LSST  24.11988  0.40957
61029.18320  z_LSST  24.41270  0.53636
61029.18280  z_LSST  24.75788  0.73710
61029.18240  z_LSST  23.87236  0.32608
61029.18190  z_LSST  23.69565  0.27710
61029.18150  z_LSST  24.51453  0.58910
61029.18110  z_LSST  24.26785  0.46937
61029.18070  z_LSST  24.68548  0.68955
61029.18030  z_LSST  24.79351  0.76169
61029.17990  z_LSST  23.92620  0.34265
61029.17940  z_LSST  24.16663  0.42759
61029.17900  z_LSST  23.83506  0.31506
61029.17860  z_LSST  25.33723  1.25680
61029.17820  z_LSST  24.05483  0.38575
61029.17780  z_LSST  24.68406  0.68865
61029.17740  z_LSST  24.30385  0.48519
61029.17690  z_LSST  25.33560  1.25491
61029.17650  z_LSST  24.26179  0.46676
61029.17610  z_LSST  24.27552  0.47270
61029.17570  z_LSST  25.68981  1.73900
61029.17530  z_LSST  25.07880  0.99060
61029.17490  z_LSST  24.32671  0.49552
61029.17440  z_LSST  23.94106  0.34738
61029.17190  u_LSST  25.38211  0.70349
61029.17160  u_LSST  26.28391  1.61429
61029.17120  u_LSST  26.17069  1.45443
61029.16820  r_LSST  29.24824  16.26078
61029.16780  r_LSST  24.86076  0.28586
61029.16740  r_LSST  25.43568  0.48542
61029.16700  r_LSST  26.36502  1.14249
61029.16660  r_LSST  25.62290  0.57677
61029.16620  r_LSST  26.62821  1.45589
61029.16570  r_LSST  25.13716  0.36873
61029.16530  r_LSST  25.71473  0.62768
61029.16490  r_LSST  26.55169  1.35681
61029.16450  r_LSST  26.20215  0.98334
61029.16410  r_LSST  26.62098  1.44623
61029.16370  r_LSST  26.81922  1.73594
61029.16320  r_LSST  25.22877  0.40119
61029.16280  r_LSST  25.53187  0.53038
61029.16240  r_LSST  25.53566  0.53224
61029.16200  r_LSST  26.31731  1.09338
61029.16160  r_LSST  25.26471  0.41469
61029.16120  r_LSST  26.16502  0.95028
61029.16070  r_LSST  24.82993  0.27785
61029.16030  r_LSST  25.28052  0.42078
61029.15850  i_LSST  24.59425  0.36770
61029.15810  i_LSST  24.21290  0.25880
61029.15770  i_LSST  24.83076  0.45720
61029.15730  i_LSST  24.58615  0.36497
61029.15690  i_LSST  25.76309  1.07903
61029.15650  i_LSST  24.49142  0.33448
61029.15600  i_LSST  24.67719  0.39689
61029.15560  i_LSST  24.71950  0.41267
61029.15520  i_LSST  25.12138  0.59752
61029.15480  i_LSST  24.30198  0.28093
61029.15440  i_LSST  24.94214  0.50659
61029.15400  i_LSST  24.97059  0.52004
61029.15350  i_LSST  25.30900  0.71023
61029.15310  i_LSST  24.43421  0.31731
61029.15270  i_LSST  24.73503  0.41861
61029.15230  i_LSST  24.34665  0.29273
61029.15190  i_LSST  24.77658  0.43494
61029.15150  i_LSST  24.48123  0.33135
61029.15100  i_LSST  24.57652  0.36175
61029.15060  i_LSST  24.36999  0.29908
61029.14840  g_LSST  28.14257  4.37383
61029.14760  g_LSST  25.98604  0.60013
61029.14720  g_LSST  26.57659  1.03388
61029.14550  g_LSST  25.82365  0.51677
61024.22320  u_LSST  29.86834  45.54241
61024.19950  r_LSST  25.54973  0.52032
61023.19310  r_LSST  25.95758  0.96836
61023.05840  u_LSST  26.32208  2.00335
61022.20380  z_LSST  26.15298  2.25871
61022.20340  z_LSST  24.06502  0.33013
61022.20300  z_LSST  24.33697  0.42409
61022.20260  z_LSST  23.56460  0.20821
61022.20220  z_LSST  24.04982  0.32553
61022.20170  z_LSST  24.35098  0.42960
61022.20130  z_LSST  23.87259  0.27651
61022.20090  z_LSST  23.93673  0.29333
61022.20050  z_LSST  24.18933  0.37017
61022.20010  z_LSST  24.56406  0.52275
61022.19970  z_LSST  23.69329  0.23441
61022.19920  z_LSST  24.07366  0.33276
61022.19880  z_LSST  24.16080  0.36057
61022.19840  z_LSST  23.82005  0.26345
61022.19800  z_LSST  24.02165  0.31720
61022.19760  z_LSST  24.12022  0.34734
61022.19720  z_LSST  24.13578  0.35236
61022.19670  z_LSST  23.97310  0.30333
61022.19630  z_LSST  24.41854  0.45718
61022.19590  z_LSST  23.62796  0.22073
61022.19550  z_LSST  24.23983  0.38779
61022.19510  z_LSST  23.64268  0.22374
61022.19470  z_LSST  23.84504  0.26958
61022.19420  z_LSST  25.35159  1.07971
61022.18360  r_LSST  27.33609  2.73108
61022.18320  r_LSST  24.89290  0.28778
61022.18280  r_LSST  25.59438  0.54910
61022.18230  r_LSST  25.34451  0.43622
61022.18190  r_LSST  25.56751  0.53568
61022.18150  r_LSST  25.42075  0.46795
61022.18110  r_LSST  24.94184  0.30105
61022.18070  r_LSST  26.15921  0.92381
61022.18030  r_LSST  25.69632  0.60315
61022.17980  r_LSST  24.92331  0.29595
61022.17940  r_LSST  25.47265  0.49086
61022.17900  r_LSST  26.45669  1.21499
61022.17860  r_LSST  24.98175  0.31232
61022.17820  r_LSST  24.87599  0.28333
61022.17780  r_LSST  25.12251  0.35555
61022.17730  r_LSST  26.41020  1.16407
61022.17690  r_LSST  25.21516  0.38723
61022.17650  r_LSST  25.21891  0.38856
61022.17610  r_LSST  25.53887  0.52173
61022.17570  r_LSST  25.07282  0.33965
61022.17390  i_LSST  23.96733  0.18843
61022.17350  i_LSST  23.99623  0.19351
61022.17310  i_LSST  24.42369  0.28688
61022.17270  i_LSST  24.28348  0.25212
61022.17220  i_LSST  24.04399  0.20222
61022.17180  i_LSST  24.32986  0.26312
61022.17140  i_LSST  24.18655  0.23059
61022.17100  i_LSST  24.49580  0.30657
61022.17060  i_LSST  24.55004  0.32228
61022.17020  i_LSST  24.14448  0.22183
61022.16970  i_LSST  24.08690  0.21037
61022.16930  i_LSST  24.62032  0.34383
61022.16890  i_LSST  23.94438  0.18449
61022.16850  i_LSST  24.61331  0.34162
61022.16810  i_LSST  24.26563  0.24801
61022.16770  i_LSST  24.82184  0.41396
61022.16720  i_LSST  24.28594  0.25269
61022.16680  i_LSST  23.98850  0.19214
61022.16640  i_LSST  24.17765  0.22871
61022.16600  i_LSST  24.27910  0.25111
61022.16420  g_LSST  26.12660  0.54254
61022.16340  g_LSST  28.66923  5.64267
61022.16250  g_LSST  26.49254  0.75999
61022.16170  g_LSST  27.95145  2.91321
61022.16090  g_LSST  27.00590  1.21942
61022.16050  g_LSST  26.08525  0.52227
61021.22310  z_LSST  24.81183  0.98336
61021.22270  z_LSST  23.90741  0.42751
61021.19900  i_LSST  24.22023  0.26385
61021.19860  i_LSST  23.78362  0.17649
61015.18320  z_LSST  24.31235  0.60570
61015.18280  z_LSST  24.09405  0.49538
61015.18240  z_LSST  23.95748  0.43683
61015.18200  z_LSST  23.32023  0.24289
61015.18160  z_LSST  23.86079  0.39961
61015.18120  z_LSST  23.57107  0.30602
61015.18070  z_LSST  24.07358  0.48613
61015.18030  z_LSST  23.86903  0.40265
61015.17990  z_LSST  23.70232  0.34534
61015.17950  z_LSST  24.42614  0.67263
61015.17910  z_LSST  24.91369  1.05390
61015.17870  z_LSST  23.50334  0.28751
61015.17820  z_LSST  23.46576  0.27773
61015.17780  z_LSST  23.71451  0.34924
61015.17740  z_LSST  24.35843  0.63197
61015.17700  z_LSST  24.11533  0.50519
61015.17660  z_LSST  23.68277  0.33918
61015.17620  z_LSST  24.15025  0.52170
61015.17570  z_LSST  23.86848  0.40245
61015.17530  z_LSST  23.60249  0.31500
61015.17490  z_LSST  23.55614  0.30184
61015.17450  z_LSST  23.52593  0.29356
61015.17410  z_LSST  24.54528  0.75064
61015.17370  z_LSST  23.48789  0.28345
61015.12270  r_LSST  24.54088  0.43910
61015.12230  r_LSST  24.79413  0.55445
61015.12180  r_LSST  24.20769  0.32306
61015.12140  r_LSST  24.79562  0.55521
61015.12100  r_LSST  25.10001  0.73489
61015.12060  r_LSST  24.49830  0.42221
61015.12020  r_LSST  24.10844  0.29484
61015.11980  r_LSST  24.63664  0.47959
61015.11930  r_LSST  24.86438  0.59151
61015.11890  r_LSST  26.69434  3.19117
61015.11850  r_LSST  24.42663  0.39524
61015.11810  r_LSST  25.85010  1.46640
61015.11760  r_LSST  24.69022  0.50385
61015.11720  r_LSST  25.07811  0.72021
61015.11680  r_LSST  24.51217  0.42764
61015.11640  r_LSST  24.21818  0.32620
61015.11600  r_LSST  25.46763  1.03101
61015.11560  r_LSST  24.34236  0.36573
61015.11510  r_LSST  25.01369  0.67872
61015.11470  r_LSST  25.15665  0.77424
61015.09390  i_LSST  24.13700  0.35491
61015.09340  i_LSST  23.77527  0.25435
61015.09300  i_LSST  23.73907  0.24601
61015.09260  i_LSST  23.73696  0.24553
61015.09220  i_LSST  23.54663  0.20605
61015.09180  i_LSST  23.78329  0.25623
61015.09140  i_LSST  23.83869  0.26965
61015.09090  i_LSST  23.74107  0.24646
61015.09050  i_LSST  23.59170  0.21478
61015.09010  i_LSST  23.51105  0.19941
61015.08970  i_LSST  23.67903  0.23277
61015.08930  i_LSST  23.83067  0.26766
61015.08890  i_LSST  23.62659  0.22180
61015.08840  i_LSST  23.72132  0.24202
61015.08800  i_LSST  24.20442  0.37765
61015.08760  i_LSST  24.09848  0.34254
61015.08720  i_LSST  24.11754  0.34860
61015.08680  i_LSST  24.02608  0.32044
61015.08640  i_LSST  23.84908  0.27224
61015.08590  i_LSST  24.67361  0.58179
61015.06370  g_LSST  27.00287  2.89580
61015.06320  g_LSST  25.22944  0.56545
61015.06240  g_LSST  26.75672  2.30839
61015.06160  g_LSST  25.95913  1.10731
61012.23580  z_LSST  23.56468  0.35693
61012.21180  i_LSST  23.45648  0.23273
61011.22200  i_LSST  23.22776  0.18852
61008.32280  z_LSST  23.71126  0.51222
61008.32240  z_LSST  23.34746  0.36639
61008.32190  z_LSST  23.42774  0.39451
61008.32150  z_LSST  23.12104  0.29742
61008.32110  z_LSST  24.25781  0.84739
61008.32070  z_LSST  23.84397  0.57882
61008.32030  z_LSST  24.76023  1.34601
61008.31990  z_LSST  23.47157  0.41076
61008.31940  z_LSST  24.00579  0.67185
61008.31900  z_LSST  23.73411  0.52312
61008.31860  z_LSST  24.04649  0.69752
61008.31820  z_LSST  23.36690  0.37301
61008.31780  z_LSST  24.23836  0.83234
61008.31740  z_LSST  23.66577  0.49121
61008.31690  z_LSST  23.85286  0.58358
61008.31650  z_LSST  23.21815  0.32525
61008.31610  z_LSST  23.29535  0.34922
61008.31570  z_LSST  23.85155  0.58288
61008.31530  z_LSST  23.66293  0.48993
61008.31490  z_LSST  23.88289  0.59995
61008.31440  z_LSST  23.80352  0.55766
61008.31400  z_LSST  23.45406  0.40419
61008.31360  z_LSST  24.55630  1.11552
61008.31320  z_LSST  23.39752  0.38368
61008.26250  r_LSST  24.39693  0.24918
61008.26210  r_LSST  24.51066  0.27670
61008.26170  r_LSST  24.33728  0.23586
61008.26120  r_LSST  24.68833  0.32589
61008.26080  r_LSST  24.25590  0.21883
61008.26040  r_LSST  24.14449  0.19749
61008.26000  r_LSST  24.36764  0.24255
61008.25960  r_LSST  24.36319  0.24155
61008.25920  r_LSST  24.07322  0.18494
61008.25870  r_LSST  24.19858  0.20757
61008.25830  r_LSST  24.69500  0.32790
61008.25790  r_LSST  24.35591  0.23994
61008.25750  r_LSST  24.89443  0.39401
61008.25710  r_LSST  24.77735  0.35374
61008.25670  r_LSST  24.44820  0.26123
61008.25620  r_LSST  24.53425  0.28277
61008.25580  r_LSST  24.11746  0.19263
61008.25540  r_LSST  24.40532  0.25111
61008.25500  r_LSST  24.31256  0.23055
61008.25460  r_LSST  24.39586  0.24893
61008.25280  i_LSST  23.79150  0.22770
61008.25240  i_LSST  23.85371  0.24113
61008.25200  i_LSST  23.74434  0.21802
61008.25150  i_LSST  23.83739  0.23753
61008.25110  i_LSST  23.50991  0.17568
61008.25070  i_LSST  23.69689  0.20870
61008.25030  i_LSST  23.63338  0.19684
61008.24990  i_LSST  23.45337  0.16677
61008.24950  i_LSST  23.78311  0.22595
61008.24900  i_LSST  23.84044  0.23820
61008.24860  i_LSST  23.43742  0.16433
61008.24820  i_LSST  23.45429  0.16691
61008.24780  i_LSST  23.50020  0.17412
61008.24740  i_LSST  23.70102  0.20949
61008.24700  i_LSST  23.50037  0.17414
61008.24650  i_LSST  23.88604  0.24841
61008.24610  i_LSST  23.64278  0.19855
61008.24570  i_LSST  23.98987  0.27334
61008.24530  i_LSST  23.68219  0.20589
61008.24490  i_LSST  23.89632  0.25078
61008.24310  g_LSST  25.79176  0.57358
61008.24270  g_LSST  26.79138  1.44025
61008.24230  g_LSST  25.71436  0.53411
61008.24180  g_LSST  26.74221  1.37648
61008.24140  g_LSST  26.34240  0.95246
61008.24100  g_LSST  26.44917  1.05089
61008.24060  g_LSST  26.22537  0.85514
61008.24020  g_LSST  26.13438  0.78639
61008.23980  g_LSST  25.72139  0.53758
61008.23930  g_LSST  26.03972  0.72074
61008.22070  z_LSST  23.83989  0.57665
61003.11560  z_LSST  24.27219  0.57428
61003.09080  i_LSST  23.76083  0.17676
61002.25270  r_LSST  24.32129  0.31540
61002.22930  u_LSST  25.16114  0.64534
61001.08020  r_LSST  24.59607  0.30628
61001.05690  u_LSST  24.81469  0.79737
61000.26190  z_LSST  24.01037  0.39239
61000.26150  z_LSST  23.82087  0.32955
61000.26110  z_LSST  23.60094  0.26912
61000.26070  z_LSST  23.62295  0.27463
61000.26030  z_LSST  23.88273  0.34887
61000.25980  z_LSST  23.93212  0.36511
61000.25940  z_LSST  23.67393  0.28784
61000.25900  z_LSST  23.50943  0.24737
61000.25860  z_LSST  23.98509  0.38336
61000.25820  z_LSST  24.05570  0.40912
61000.25780  z_LSST  24.05239  0.40788
61000.25730  z_LSST  23.82755  0.33158
61000.25690  z_LSST  24.08176  0.41906
61000.25650  z_LSST  24.08851  0.42167
61000.25610  z_LSST  24.75201  0.77692
61000.25570  z_LSST  24.22136  0.47656
61000.25530  z_LSST  24.23248  0.48146
61000.25480  z_LSST  24.54210  0.64034
61000.25440  z_LSST  23.41088  0.22590
61000.25400  z_LSST  23.36303  0.21616
61000.25360  z_LSST  23.42631  0.22914
61000.25320  z_LSST  23.76343  0.31257
61000.25280  z_LSST  23.60612  0.27041
61000.25230  z_LSST  23.68576  0.29099
61000.24980  u_LSST  25.94167  1.32479
61000.24950  u_LSST  25.89227  1.26587
61000.24910  u_LSST  28.76950  17.91755
61000.24870  u_LSST  25.79372  1.15603
61000.24830  u_LSST  25.36386  0.77808
61000.24790  u_LSST  26.38817  1.99871
61000.24610  r_LSST  23.81933  0.12661
61000.24570  r_LSST  24.16115  0.17346
61000.24530  r_LSST  24.24535  0.18744
61000.24490  r_LSST  24.45417  0.22720
61000.24450  r_LSST  24.07180  0.15976
61000.24410  r_LSST  24.83697  0.32324
61000.24360  r_LSST  24.18002  0.17650
61000.24320  r_LSST  24.20402  0.18044
61000.24280  r_LSST  24.27528  0.19268
61000.24240  r_LSST  24.18308  0.17700
61000.24200  r_LSST  24.52066  0.24155
61000.24160  r_LSST  24.17045  0.17495
61000.24110  r_LSST  24.20253  0.18020
61000.24070  r_LSST  24.36269  0.20884
61000.24030  r_LSST  24.09923  0.16384
61000.23990  r_LSST  24.18915  0.17799
61000.23950  r_LSST  24.16674  0.17435
61000.23910  r_LSST  24.34278  0.20504
61000.23860  r_LSST  24.40620  0.21738
61000.23820  r_LSST  24.11327  0.16597
61000.23640  i_LSST  23.50389  0.13844
61000.23600  i_LSST  23.64320  0.15740
61000.23560  i_LSST  23.77484  0.17768
61000.23520  i_LSST  23.80355  0.18245
61000.23480  i_LSST  23.93397  0.20573
61000.23440  i_LSST  23.32558  0.11748
61000.23390  i_LSST  23.72903  0.17034
61000.23350  i_LSST  23.66857  0.16112
61000.23310  i_LSST  23.65471  0.15907
61000.23270  i_LSST  23.63257  0.15586
61000.23230  i_LSST  23.75998  0.17527
61000.23190  i_LSST  23.80682  0.18300
61000.23140  i_LSST  23.69265  0.16473
61000.23100  i_LSST  23.70602  0.16677
61000.23060  i_LSST  23.44731  0.13141
61000.23020  i_LSST  23.48474  0.13602
61000.22980  i_LSST  23.60087  0.15138
61000.22940  i_LSST  23.54741  0.14410
61000.22890  i_LSST  23.64473  0.15762
61000.22850  i_LSST  23.42078  0.12824
61000.22670  g_LSST  28.51144  5.54537
61000.22630  g_LSST  25.85545  0.48032
61000.22590  g_LSST  27.32871  1.86569
61000.22550  g_LSST  26.12048  0.61312
61000.22510  g_LSST  27.82217  2.93916
61000.22470  g_LSST  27.21998  1.68790
61000.22380  g_LSST  25.63381  0.39163
61000.22340  g_LSST  26.97755  1.35012
61000.22300  g_LSST  25.65131  0.39800
60997.30450  i_LSST  23.52642  0.22760
60997.28050  z_LSST  24.32105  0.63603
60996.31700  r_LSST  24.22354  0.18000
60996.29410  g_LSST  25.42372  0.34149
60993.27530  z_LSST  24.78296  0.93056
60993.27490  z_LSST  24.17264  0.53042
60993.27450  z_LSST  25.00670  1.14351
60993.27410  z_LSST  25.11417  1.26249
60993.27370  z_LSST  23.87037  0.40152
60993.27330  z_LSST  24.60799  0.79206
60993.27280  z_LSST  24.82062  0.96340
60993.27240  z_LSST  24.51253  0.72539
60993.27200  z_LSST  24.30169  0.59736
60993.27160  z_LSST  25.42333  1.67838
60993.27120  z_LSST  24.37220  0.63744
60993.27080  z_LSST  25.52541  1.84384
60993.27030  z_LSST  24.66681  0.83615
60993.26990  z_LSST  23.60319  0.31393
60993.26950  z_LSST  23.40513  0.26159
60993.26910  z_LSST  23.90860  0.41591
60993.26870  z_LSST  23.91770  0.41941
60993.26830  z_LSST  23.62162  0.31931
60993.26780  z_LSST  24.17616  0.53214
60993.26700  z_LSST  24.24126  0.56502
60993.26660  z_LSST  23.84334  0.39165
60993.26620  z_LSST  24.42288  0.66790
60993.26580  z_LSST  24.31952  0.60725
60993.26360  u_LSST  29.37702  33.40196
60993.26330  u_LSST  26.62204  2.64107
60993.26170  u_LSST  27.60533  6.53276
60993.25960  r_LSST  24.84530  0.33736
60993.25910  r_LSST  24.60490  0.27036
60993.25870  r_LSST  24.80938  0.32638
60993.25830  r_LSST  24.37568  0.21890
60993.25790  r_LSST  24.93569  0.36665
60993.25750  r_LSST  24.62107  0.27441
60993.25710  r_LSST  24.48270  0.24158
60993.25660  r_LSST  24.61374  0.27257
60993.25620  r_LSST  24.62247  0.27477
60993.25580  r_LSST  24.36073  0.21591
60993.25540  r_LSST  24.73957  0.30606
60993.25500  r_LSST  24.88656  0.35043
60993.25460  r_LSST  24.92119  0.36179
60993.25410  r_LSST  24.41850  0.22771
60993.25370  r_LSST  24.47542  0.23996
60993.25330  r_LSST  25.22308  0.47776
60993.25290  r_LSST  24.79915  0.32332
60993.25250  r_LSST  24.51671  0.24926
60993.25210  r_LSST  25.51222  0.62354
60993.25160  r_LSST  24.30896  0.20585
60993.24990  i_LSST  23.91289  0.22854
60993.24940  i_LSST  23.86329  0.21833
60993.24900  i_LSST  23.87073  0.21984
60993.24860  i_LSST  24.50456  0.39412
60993.24820  i_LSST  23.83266  0.21226
60993.24780  i_LSST  23.84836  0.21535
60993.24740  i_LSST  24.06063  0.26186
60993.24690  i_LSST  23.86457  0.21859
60993.24650  i_LSST  23.55648  0.16459
60993.24610  i_LSST  24.02303  0.25294
60993.24570  i_LSST  23.71471  0.19041
60993.24530  i_LSST  23.75065  0.19682
60993.24490  i_LSST  24.10075  0.27171
60993.24440  i_LSST  24.01212  0.25041
60993.24400  i_LSST  24.37275  0.34907
60993.24360  i_LSST  24.07583  0.26555
60993.24320  i_LSST  23.93072  0.23233
60993.24280  i_LSST  24.20828  0.30000
60993.24240  i_LSST  24.41507  0.36294
60993.24190  i_LSST  23.98911  0.24516
60993.24020  g_LSST  26.05535  0.74088
60993.23970  g_LSST  26.21979  0.86203
60993.23930  g_LSST  25.59680  0.48565
60993.23890  g_LSST  25.81477  0.59363
60993.23850  g_LSST  26.62436  1.25127
60993.23810  g_LSST  28.39993  6.42064
60993.23770  g_LSST  25.34051  0.38354
60993.23720  g_LSST  25.40888  0.40847
60993.23680  g_LSST  26.02136  0.71804
60993.23640  g_LSST  26.02503  0.72048
60992.26460  r_LSST  24.37638  0.28422
60992.06050  r_LSST  25.36724  0.70795
60992.03900  g_LSST  25.60012  0.66127
60991.09580  g_LSST  25.99461  0.62873
60991.09540  g_LSST  26.35899  0.87946
60990.32590  i_LSST  25.50642  1.42317
60990.30160  r_LSST  25.43354  0.79705
60978.34710  z_LSST  24.88912  1.24455
60978.34670  z_LSST  24.44503  0.82676
60978.34630  z_LSST  24.62959  0.97995
60978.34590  z_LSST  27.17891  10.25491
60978.34460  z_LSST  26.29289  4.53442
60978.34420  z_LSST  28.07990  23.51387
60978.34380  z_LSST  25.87108  3.07467
60978.34340  z_LSST  25.13453  1.56019
60978.34260  z_LSST  24.91766  1.27770
60978.34130  z_LSST  24.23635  0.68219
60978.34010  z_LSST  27.71654  16.82598
60978.33880  z_LSST  25.88588  3.11686
60978.33840  z_LSST  24.74922  1.09409
60978.30730  r_LSST  25.03947  0.47785
60978.30640  r_LSST  25.56100  0.77251
60978.30600  r_LSST  27.47551  4.50512
60978.30440  r_LSST  26.07130  1.23601
60978.30350  r_LSST  27.04123  3.01992
60978.30270  r_LSST  26.42605  1.71365
60978.30230  r_LSST  25.10659  0.50832
60978.30140  r_LSST  25.81015  0.97177
60978.28820  i_LSST  24.40817  0.38301
60978.28770  i_LSST  24.94955  0.63060
60978.28730  i_LSST  28.44844  15.82391
60978.28650  i_LSST  28.55845  17.51128
60978.28610  i_LSST  25.08773  0.71619
60978.28520  i_LSST  25.83046  1.41945
60978.28360  i_LSST  26.83761  3.58907
60978.28320  i_LSST  25.21035  0.80182
60978.28270  i_LSST  24.58243  0.44969
60978.28230  i_LSST  28.86522  23.22873
60978.28190  i_LSST  26.89894  3.79764
60978.28110  i_LSST  26.24674  2.08274
60978.26820  g_LSST  25.76635  0.57837
60978.26730  g_LSST  28.89291  10.29987
60978.26690  g_LSST  26.16202  0.83268
60978.26650  g_LSST  27.81435  3.81424
60978.26610  g_LSST  27.28853  2.35008
60978.26570  g_LSST  27.84739  3.93208
60978.26530  g_LSST  26.67568  1.33641
60976.31500  g_LSST  25.58333  0.54574
60975.33390  z_LSST  26.44351  3.90217
60975.32260  i_LSST  26.26788  2.11721
60971.35850  i_LSST  25.77625  0.91548
60971.34770  r_LSST  26.00878  0.70909
60971.34340  z_LSST  25.20329  0.98586
60971.34300  z_LSST  27.60610  9.01446
60971.34260  z_LSST  24.36728  0.45647
60971.34220  z_LSST  24.36215  0.45432
60971.34170  z_LSST  26.91802  4.78310
60971.33920  z_LSST  26.20025  2.46945
60971.33840  z_LSST  25.03007  0.84048
60971.33760  z_LSST  26.29295  2.68954
60971.33670  z_LSST  25.16091  0.94812
60971.33420  u_LSST  26.64063  1.89579
60971.33300  u_LSST  25.80610  0.87898
60971.33190  u_LSST  29.50851  26.60377
60971.33010  r_LSST  26.46320  1.07763
60971.32890  r_LSST  26.67237  1.30658
60971.32800  r_LSST  27.40423  2.56379
60971.32600  r_LSST  25.64434  0.50690
60971.32550  r_LSST  26.11692  0.78335
60971.32510  r_LSST  31.23958  87.70464
60971.32470  r_LSST  28.24349  5.55375
60971.32390  r_LSST  26.98110  1.73632
60971.32350  r_LSST  27.95516  4.25849
60971.32300  r_LSST  27.20403  2.13206
60971.32260  r_LSST  27.13168  1.99463
60971.32220  r_LSST  28.52484  7.19654
60971.32040  i_LSST  26.79442  2.33838
60971.31920  i_LSST  28.23384  8.80405
60971.31790  i_LSST  26.13653  1.27573
60971.31750  i_LSST  27.40981  4.12164
60971.31670  i_LSST  26.53249  1.83715
60971.31630  i_LSST  25.59515  0.77483
60971.31580  i_LSST  26.68753  2.11913
60971.31420  i_LSST  30.47684  69.48354
60971.31380  i_LSST  26.17791  1.32529
60971.31290  i_LSST  26.67826  2.10111
60971.31250  i_LSST  24.77164  0.36291
60971.31030  g_LSST  30.15973  22.32793
60971.30910  g_LSST  27.16638  1.41745
60971.30860  g_LSST  27.64854  2.20990
60971.30740  g_LSST  32.64680  220.63542
60964.35530  z_LSST  25.78256  1.90339
60964.35490  z_LSST  26.97111  5.68783
60964.35410  z_LSST  26.69134  4.39581
60964.35240  z_LSST  26.10650  2.56509
60964.35160  z_LSST  25.64927  1.68350
60964.35120  z_LSST  25.35634  1.28540
60964.35030  z_LSST  25.57217  1.56809
60964.34910  z_LSST  24.63831  0.66348
60964.34870  z_LSST  25.33758  1.26338
60964.34780  z_LSST  25.16251  1.07525
60964.34700  z_LSST  25.22881  1.14295
60964.34250  u_LSST  26.03929  1.33535
60964.34210  u_LSST  25.05115  0.53745
60964.34170  u_LSST  25.93780  1.21618
60964.34130  u_LSST  27.41295  4.73214
60964.33910  r_LSST  27.94272  5.13939
60964.33830  r_LSST  25.98717  0.84857
60964.33790  r_LSST  26.46203  1.31412
60964.33740  r_LSST  25.99087  0.85147
60964.33660  r_LSST  25.80949  0.72047
60964.33620  r_LSST  25.84762  0.74623
60964.33540  r_LSST  27.16894  2.51998
60964.33490  r_LSST  27.72040  4.18777
60964.33450  r_LSST  27.67771  4.02629
60964.33370  r_LSST  26.92699  2.01659
60964.33330  r_LSST  26.19498  1.02757
60964.33160  r_LSST  26.12231  0.96105
60964.32940  i_LSST  25.86399  1.46612
60964.32690  i_LSST  25.02419  0.67647
60964.32610  i_LSST  26.15485  1.91653
60964.32400  i_LSST  25.74837  1.31802
60964.32360  i_LSST  25.69693  1.25704
60964.32320  i_LSST  27.84465  9.08734
60964.32190  i_LSST  25.08488  0.71536
60964.32010  g_LSST  27.42872  2.43018
60964.31970  g_LSST  26.43732  0.97517
60964.31890  g_LSST  27.28975  2.13822
60964.31850  g_LSST  26.76748  1.32173
60964.31800  g_LSST  26.40122  0.94328
60964.31720  g_LSST  27.65192  2.98484
60964.31680  g_LSST  28.00926  4.14817
60964.31640  g_LSST  25.87703  0.58206
60962.35570  i_LSST  27.38215  5.64575
60962.34440  r_LSST  29.68845  32.84918
60958.12680  z_LSST  24.53641  1.83238
60958.12640  z_LSST  23.94149  1.05937
60958.12600  z_LSST  24.45307  1.69698
60958.12560  z_LSST  31.79809  1471.24624
60958.12430  z_LSST  23.60503  0.77708
60958.12260  z_LSST  25.96280  6.81668
60958.12060  z_LSST  24.49456  1.76309
60958.12010  z_LSST  23.87620  0.99754
60958.11970  z_LSST  24.24685  1.40343
60958.11930  z_LSST  25.72663  5.48406
60958.11890  z_LSST  24.18570  1.32657
60958.11850  z_LSST  27.34959  24.45039
60958.11760  z_LSST  24.35784  1.55448
60958.10570  r_LSST  24.95722  1.36151
60958.10530  r_LSST  26.03024  3.65787
60958.10320  r_LSST  24.01517  0.57174
60958.10280  r_LSST  27.04611  9.32343
60958.10120  r_LSST  26.85169  7.79483
60958.10070  r_LSST  27.23512  11.09631
60958.10030  r_LSST  25.87196  3.16165
60958.09950  r_LSST  25.87269  3.16380
60958.09870  r_LSST  26.56662  5.99487
60958.09690  i_LSST  25.75466  3.43540
60958.09650  i_LSST  24.33027  0.92518
60958.09560  i_LSST  24.98670  1.69354
60958.09480  i_LSST  24.59727  1.18310
60958.09270  i_LSST  24.03572  0.70534
60958.09230  i_LSST  24.82882  1.46434
60958.09190  i_LSST  24.39121  0.97859
60958.09060  i_LSST  24.69677  1.29665
60958.08980  i_LSST  27.19814  12.98287
60958.08680  g_LSST  26.64472  3.25553
60958.08630  g_LSST  25.21170  0.86979
60958.08430  g_LSST  28.56682  19.11880
60951.37140  z_LSST  25.35639  1.31425
60951.35980  i_LSST  25.86797  1.29356
60950.16290  z_LSST  27.17146  19.92145
60950.16170  z_LSST  24.79954  2.24157
60950.16130  z_LSST  24.52483  1.74047
60950.16080  z_LSST  26.10425  7.45480
60950.16000  z_LSST  27.80695  35.76972
60950.15880  z_LSST  23.96289  1.03727
60950.15830  z_LSST  27.31308  22.69685
60950.15750  z_LSST  24.06648  1.14111
60950.15710  z_LSST  23.85379  0.93810
60950.15630  z_LSST  23.79550  0.88907
60950.15460  z_LSST  25.67892  5.03850
60950.14350  r_LSST  24.80021  0.95927
60950.14140  r_LSST  27.03637  7.52327
60950.14060  r_LSST  24.44031  0.68863
60950.13980  r_LSST  25.99217  2.87558
60949.37600  r_LSST  27.26797  4.18321
60949.37560  r_LSST  25.42081  0.76321
60949.37520  r_LSST  26.18114  1.53736
60949.37480  r_LSST  25.44766  0.78232
60949.37390  r_LSST  26.40655  1.89208
60949.37350  r_LSST  25.44383  0.77957
60949.37310  r_LSST  26.44468  1.95971
60949.37130  i_LSST  25.83519  1.91360
60949.37090  i_LSST  25.81179  1.87279
60949.37050  i_LSST  25.92276  2.07432
60949.36920  i_LSST  27.06650  5.94802
60949.36880  i_LSST  25.78528  1.82763
60949.36800  i_LSST  24.93290  0.83355
60949.36710  i_LSST  26.00805  2.24385
60949.36590  i_LSST  24.59316  0.60959
60949.36510  i_LSST  26.69926  4.24110
60949.36460  i_LSST  25.26649  1.13337
60949.36380  i_LSST  26.21966  2.72670
60949.36120  g_LSST  25.96745  1.06763
60949.35990  g_LSST  26.31787  1.47431
60949.35870  g_LSST  29.75696  35.01276
60949.35830  g_LSST  27.16701  3.22290
60934.34090  z_LSST  24.23179  0.48116
60934.34010  z_LSST  24.44432  0.58519
60934.33970  z_LSST  25.25371  1.23326
60934.33930  z_LSST  27.53118  10.04714
60934.33880  z_LSST  26.45813  3.73957
60934.33630  z_LSST  27.98123  15.20766
60934.33470  z_LSST  25.93021  2.29961
60934.33420  z_LSST  25.38481  1.39154
60934.33340  z_LSST  26.47949  3.81388
60934.33170  z_LSST  25.22724  1.20356
60934.33130  z_LSST  26.09981  2.68841
60934.32960  u_LSST  25.17178  0.65241
60934.32800  u_LSST  30.18413  65.98813
60934.32770  u_LSST  25.18581  0.66090
60934.32730  u_LSST  25.71879  1.07977
60934.32690  u_LSST  30.20462  67.24509
60934.32430  r_LSST  25.83777  0.83449
60934.32340  r_LSST  25.89583  0.88033
60934.32260  r_LSST  26.35389  1.34236
60934.32140  r_LSST  25.96301  0.93652
60934.32050  r_LSST  28.58322  10.46168
60934.31930  r_LSST  27.87153  5.43158
60934.31890  r_LSST  26.07207  1.03548
60934.31840  r_LSST  25.86535  0.85596
60934.31760  r_LSST  25.02311  0.39406
60934.31720  r_LSST  28.09213  6.65524
60934.31500  i_LSST  28.61785  15.81032
60934.31460  i_LSST  25.92406  1.32258
60934.31370  i_LSST  24.87207  0.50191
60934.31250  i_LSST  25.56111  0.94676
60934.31080  i_LSST  26.97617  3.48551
60934.31000  i_LSST  26.23367  1.75900
60934.30960  i_LSST  29.04842  23.50529
60934.30920  i_LSST  25.14018  0.64250
60934.30790  i_LSST  28.36624  12.53990
60934.30750  i_LSST  25.44429  0.85019
60934.30570  g_LSST  27.06715  1.47212
60934.30530  g_LSST  27.00217  1.38660
60934.30450  g_LSST  26.88722  1.24730
60934.30400  g_LSST  27.46192  2.11762
60934.30360  g_LSST  26.57577  0.93624
60934.30280  g_LSST  26.48091  0.85792
60934.30200  g_LSST  26.90046  1.26259
60934.29510  r_LSST  26.80636  2.03637
60930.20630  z_LSST  23.75235  0.72931
60930.20590  z_LSST  25.11301  2.55376
60930.20460  z_LSST  24.35632  1.27205
60930.20420  z_LSST  24.91845  2.13479
60930.20340  z_LSST  27.76854  29.47069
60930.20170  z_LSST  26.06710  6.14914
60930.20130  z_LSST  25.41466  3.37161
60930.20090  z_LSST  24.03316  0.94458
60930.19960  z_LSST  23.95703  0.88062
60930.19880  z_LSST  23.88190  0.82174
60930.19840  z_LSST  23.83868  0.78967
60930.19800  z_LSST  28.83927  79.01057
60930.19760  z_LSST  25.33665  3.13787
60930.19710  z_LSST  24.84931  2.00310
60930.18610  r_LSST  25.22990  1.79574
60930.18570  r_LSST  25.29936  1.91437
60930.18520  r_LSST  25.68908  2.74104
60930.18400  r_LSST  25.40449  2.10902
60930.18270  r_LSST  25.94215  3.46052
60930.18150  r_LSST  28.52801  37.45304
60930.18110  r_LSST  24.56908  0.97705
60930.17900  r_LSST  24.57228  0.97993
60930.17860  r_LSST  24.59657  1.00210
60930.17640  i_LSST  23.95923  0.84146
60930.17600  i_LSST  24.41522  1.28065
60929.39400  i_LSST  26.29049  3.17549
60929.39360  i_LSST  24.54819  0.63810
60929.39310  i_LSST  25.67973  1.80927
60929.39270  i_LSST  25.93126  2.28095
60929.39230  i_LSST  30.25823  122.71746
60929.39190  i_LSST  26.61642  4.28727
60929.39150  i_LSST  25.73539  1.90445
60929.39110  i_LSST  26.41148  3.54983
60929.39060  i_LSST  25.99076  2.40946
60929.35570  i_LSST  24.57487  0.65398
60929.35530  i_LSST  24.42514  0.56973
60929.35490  i_LSST  27.82828  13.08959
60929.35440  i_LSST  30.73039  189.57045
60929.35220  g_LSST  25.40031  0.96696
60929.35100  g_LSST  29.13582  30.17243
60929.35010  g_LSST  29.41566  39.04344
60929.34970  g_LSST  25.64704  1.21367
60929.34930  g_LSST  25.98732  1.66040
60929.34890  g_LSST  26.13360  1.89988
60929.34850  g_LSST  24.88318  0.60056
60925.33010  z_LSST  24.48170  0.86894
60921.25230  z_LSST  24.27569  0.83038
60921.25150  z_LSST  24.32660  0.87025
60921.25070  z_LSST  24.71499  1.24451
60921.25030  z_LSST  24.53027  1.04981
60921.24980  z_LSST  25.12834  1.82113
60921.24900  z_LSST  25.12702  1.81890
60921.24860  z_LSST  27.62439  18.14509
60921.24820  z_LSST  25.43706  2.42006
60921.24780  z_LSST  25.80238  3.38810
60921.24730  z_LSST  23.96963  0.62641
60921.24690  z_LSST  23.86893  0.57092
60921.24610  z_LSST  25.88205  3.64606
60921.24570  z_LSST  29.12216  72.08859
60921.24530  z_LSST  26.95129  9.76151
60921.24440  z_LSST  24.75815  1.29498
60921.24360  z_LSST  24.98374  1.59403
60921.24320  z_LSST  24.17615  0.75764
60921.23210  r_LSST  25.67650  2.06760
60921.23090  r_LSST  26.85950  6.14705
60921.23050  r_LSST  27.61579  12.33617
60921.23000  r_LSST  23.90836  0.40570
60921.22960  r_LSST  24.75408  0.88409
60921.22840  r_LSST  26.26938  3.56958
60921.22590  r_LSST  24.77316  0.89976
60921.22550  r_LSST  24.82763  0.94606
60921.22500  r_LSST  25.38848  1.58584
60921.22460  r_LSST  25.18958  1.32037
60921.22280  i_LSST  26.49008  6.36958
60921.22080  i_LSST  24.73484  1.26477
60921.21990  i_LSST  27.48529  15.92922
60921.21950  i_LSST  24.80698  1.35167
60921.21830  i_LSST  24.78027  1.31881
60921.21740  i_LSST  25.61830  2.85363
60921.21700  i_LSST  27.19978  12.24585
60921.21620  i_LSST  25.50821  2.57846
60921.21530  i_LSST  25.31167  2.15152
60920.38050  g_LSST  27.04133  2.35855
60920.37970  g_LSST  27.61709  4.00818
60920.37930  g_LSST  26.13373  1.02236
60920.37880  g_LSST  26.29617  1.18735
60920.37760  g_LSST  26.96561  2.19966
60920.37680  g_LSST  26.45108  1.36944
60913.23110  z_LSST  25.22538  2.36715
60913.23070  z_LSST  23.96686  0.74271
60913.22990  z_LSST  27.34984  16.74965
60913.22900  z_LSST  26.56553  8.13361
60913.22860  z_LSST  25.04572  2.00612
60913.22650  z_LSST  24.38696  1.09359
60913.22570  z_LSST  24.00929  0.77230
60913.22530  z_LSST  23.76357  0.61588
60913.22440  z_LSST  25.05061  2.01520
60913.22320  z_LSST  24.51020  1.22504
60913.22280  z_LSST  26.92170  11.29144
60913.22240  z_LSST  23.93876  0.72372
60913.22190  z_LSST  24.04741  0.79990
60913.22020  u_LSST  25.12331  1.54991
60913.21900  u_LSST  25.07115  1.47721
60913.21870  u_LSST  26.96816  8.47709
60913.21830  u_LSST  25.83834  2.99447
60913.21570  r_LSST  25.15792  0.78193
60913.21530  r_LSST  27.18458  5.05629
60913.21370  r_LSST  26.50608  2.70664
60913.21240  r_LSST  26.07705  1.82314
60912.40630  r_LSST  27.28603  2.79517
60912.40590  r_LSST  25.61833  0.60163
60912.40510  r_LSST  28.70111  10.29061
60912.40420  r_LSST  28.60852  9.44938
60912.40260  r_LSST  25.53117  0.55522
60912.40080  i_LSST  26.23748  1.81998
60912.39700  i_LSST  26.39616  2.10640
60912.39530  i_LSST  26.16231  1.69824
60912.39450  i_LSST  26.51870  2.35807
60912.39410  i_LSST  26.79810  3.05012
60912.39110  g_LSST  26.74653  1.21700
60912.39020  g_LSST  27.11606  1.71040
60912.38980  g_LSST  26.23337  0.75862
60912.38940  g_LSST  28.06931  4.11528
60912.38860  g_LSST  27.24788  1.93120
60912.38770  g_LSST  27.74895  3.06376
60912.38730  g_LSST  26.14419  0.69880
60905.40310  z_LSST  24.72121  1.07502
60905.40230  z_LSST  25.28971  1.81475
60905.40180  z_LSST  24.96625  1.34720
60905.40020  z_LSST  25.72070  2.69907
60905.39810  z_LSST  25.68035  2.60060
60905.39770  z_LSST  25.91447  3.22640
60905.39680  z_LSST  24.71083  1.06479
60905.39600  z_LSST  24.79972  1.15563
60905.39560  z_LSST  28.01265  22.28388
60905.39480  z_LSST  24.21322  0.67332
60905.39140  u_LSST  25.35412  0.91346
60905.39100  u_LSST  25.65729  1.20769
60905.39030  u_LSST  26.33444  2.25328
60905.38770  r_LSST  25.29028  0.60941
60905.38730  r_LSST  25.98336  1.15383
60905.38440  r_LSST  25.99841  1.16992
60905.38360  r_LSST  26.59799  2.03232
60905.38270  r_LSST  27.74456  5.84277
60905.38230  r_LSST  25.92887  1.09734
60905.38150  r_LSST  25.61669  0.82313
60905.38060  r_LSST  26.39036  1.67857
60905.37760  i_LSST  26.47337  4.12125
60905.37720  i_LSST  27.19851  8.03684
60905.37640  i_LSST  24.86757  0.93910
60905.37590  i_LSST  25.53500  1.73654
60905.37550  i_LSST  25.71752  2.05442
60905.37430  i_LSST  26.50390  4.23879
60905.37340  i_LSST  25.15454  1.22320
60905.37260  i_LSST  23.94284  0.40070
60905.37220  i_LSST  25.03866  1.09938
60905.36830  g_LSST  27.70494  5.30843
60905.36670  g_LSST  27.36213  3.87118
60905.36620  g_LSST  27.01015  2.79932
60905.36460  g_LSST  28.48149  10.85399
60900.31500  z_LSST  27.58658  17.12238
60900.31410  z_LSST  24.55434  1.04874
60900.31370  z_LSST  26.36078  5.53660
60900.31290  z_LSST  24.49146  0.98973
60900.31040  z_LSST  23.73591  0.49351
60900.30910  z_LSST  27.40713  14.51398
60900.30870  z_LSST  27.54173  16.42954
60900.30830  z_LSST  26.10315  4.36708
60900.30790  z_LSST  24.73405  1.23752
60900.30660  z_LSST  23.87797  0.56250
60900.30620  z_LSST  24.13941  0.71564
60900.29560  r_LSST  24.67273  0.97989
60900.29430  r_LSST  26.10359  3.66039
60900.29390  r_LSST  27.67136  15.51071
60900.29270  r_LSST  25.69393  2.50994
60900.29180  r_LSST  24.24986  0.66379
60900.29140  r_LSST  24.19315  0.63001
60900.29100  r_LSST  25.62598  2.35767
60900.29060  r_LSST  26.23587  4.13465
60900.28930  r_LSST  25.70521  2.53613
60900.28850  r_LSST  24.92304  1.23397
60900.28810  r_LSST  28.05175  22.01857
60900.28770  r_LSST  24.35775  0.73314
60900.28500  i_LSST  23.77574  0.49695
60900.28420  i_LSST  24.92318  1.42985
60900.28340  i_LSST  26.14688  4.41336
60900.28300  i_LSST  25.09143  1.66952
60900.28090  i_LSST  24.50401  0.97191
60900.28050  i_LSST  26.15506  4.44675
60900.27960  i_LSST  28.12032  27.17353
60900.27880  i_LSST  25.34204  2.10298
60900.27530  g_LSST  24.56680  1.08138
60900.27490  g_LSST  23.93945  0.60679
60900.27450  g_LSST  24.77534  1.31037
60900.27280  g_LSST  28.13565  28.94134
60900.27240  g_LSST  25.75622  3.23405
