# ================================
# SNID: 100451
# RA: 326.2767639160156
# DEC: -20.66570281982422
# ================================
NVAR: 4
VARNAMES: MJD FLT MAG MAGERR
61725.01910  i_LSST  25.31718  1.15228
61722.01030  z_LSST  23.38238  0.42032
61719.00820  z_LSST  24.07974  0.73482
61713.09130  i_LSST  26.90032  3.95013
61709.11030  i_LSST  26.74226  3.27930
61706.13650  r_LSST  28.01516  11.80020
61706.11400  u_LSST  26.77047  4.35726
61704.09980  r_LSST  25.92965  1.00522
61703.15450  u_LSST  24.50440  0.53100
61699.09090  i_LSST  25.98759  1.72380
61698.08720  r_LSST  29.10537  17.01205
61695.12840  z_LSST  25.47872  1.86805
61695.10420  i_LSST  24.97208  0.83680
61693.00030  z_LSST  24.34764  0.72052
61690.99470  z_LSST  24.20305  1.19375
61679.16360  z_LSST  25.13856  1.76690
61676.16840  g_LSST  28.08097  5.70510
61675.18440  g_LSST  26.79462  1.11775
61674.15990  i_LSST  24.93068  0.58192
61674.13550  r_LSST  28.07953  6.46531
61673.08850  i_LSST  25.13062  0.83411
61673.06360  r_LSST  25.94643  1.05254
61672.18490  g_LSST  26.55454  0.93781
61670.17680  i_LSST  26.43569  2.54917
61653.04750  i_LSST  28.17014  13.45864
61652.21610  i_LSST  24.41115  0.53276
61648.02240  i_LSST  24.56608  0.51538
61645.14290  g_LSST  26.99303  1.49947
61644.03010  i_LSST  25.50740  1.24528
61643.25910  r_LSST  24.84587  0.52148
61640.25930  z_LSST  26.64447  7.95710
61640.23490  i_LSST  25.38525  1.13685
61639.14470  i_LSST  25.51769  1.46118
61638.31870  r_LSST  26.23275  5.21123
61637.29200  i_LSST  26.67949  7.92817
61628.30780  z_LSST  24.82574  1.24348
61620.34490  z_LSST  25.39618  3.44700
61620.32080  i_LSST  27.24473  7.46816
61619.18080  r_LSST  26.33911  1.83865
61616.24870  r_LSST  24.72656  0.62399
61616.22260  g_LSST  26.19360  1.35284
61614.23750  i_LSST  25.65277  1.41094
61601.17650  z_LSST  24.40107  2.20339
61601.15240  i_LSST  23.76022  1.16778
61593.31940  r_LSST  25.07436  0.62847
61593.29450  g_LSST  25.95544  1.03244
61590.21110  r_LSST  24.68811  0.53743
61585.39440  z_LSST  28.53712  39.81951
61584.25250  r_LSST  26.64100  2.10167
61558.36070  z_LSST  27.38989  13.46878
61555.40280  i_LSST  24.76233  0.86602
61555.40230  i_LSST  25.43274  1.60581
61541.41250  r_LSST  25.65767  0.78338
61541.38820  g_LSST  25.29609  0.35823
61539.38570  z_LSST  24.81802  0.97273
61539.37440  i_LSST  27.35006  5.93940
61494.41670  z_LSST  24.39732  3.51573
61492.41210  z_LSST  23.96443  1.84578
61492.40900  z_LSST  22.92722  0.71006
61492.40270  z_LSST  24.13701  2.16378
61488.40600  r_LSST  23.96165  1.09611
61488.40290  r_LSST  24.20180  1.36745
61404.04010  z_LSST  23.26581  1.82621
61404.03720  z_LSST  24.49524  5.66662
61357.02890  z_LSST  27.39052  13.83765
61357.01630  i_LSST  25.05734  0.90033
61357.01580  i_LSST  25.25000  1.07515
61336.08790  z_LSST  26.46287  5.45148
61329.12210  r_LSST  30.44505  74.02667
61327.12740  r_LSST  28.28185  10.76060
61327.12650  r_LSST  25.21605  0.63902
61327.10340  g_LSST  25.60055  0.50445
61301.07150  r_LSST  26.70159  2.09710
61299.19480  g_LSST  27.23344  1.99069
61299.11450  r_LSST  25.90603  0.99779
61290.10430  i_LSST  27.89790  6.85654
61288.03310  z_LSST  24.88937  1.01938
61283.24650  i_LSST  26.03368  2.12898
61282.13970  r_LSST  26.86541  4.49574
61267.19370  i_LSST  27.41434  5.22327
61267.16770  r_LSST  26.11432  1.10148
61238.35680  z_LSST  25.19153  2.19630
61234.37950  r_LSST  25.35346  0.72825
61234.35540  g_LSST  25.37735  0.45898
61234.35490  g_LSST  27.08940  2.22136
61230.40790  z_LSST  24.96000  1.74294
61230.27810  i_LSST  25.90204  2.06480
61229.39860  r_LSST  25.05755  1.05278
61227.40080  z_LSST  24.18224  0.90157
61227.31950  z_LSST  24.49961  1.20766
61227.29500  i_LSST  24.35414  0.83407
61218.30010  z_LSST  23.70996  0.35248
61215.28540  r_LSST  26.76439  2.34208
61206.43510  z_LSST  27.51590  15.51646
61206.42240  i_LSST  24.73754  0.70023
61174.39570  i_LSST  27.62451  8.47190
61174.37140  r_LSST  25.03733  0.62101
61172.39720  i_LSST  24.86518  0.58084
61172.39670  i_LSST  25.63896  1.18458
61157.40980  z_LSST  27.32222  14.27924
61124.40530  i_LSST  23.28807  0.57968
61124.40220  i_LSST  25.78008  5.75429
61120.40300  r_LSST  28.37246  57.34764
60972.13380  r_LSST  25.72995  0.96311
60972.10970  i_LSST  27.86467  7.41500
60971.08920  r_LSST  26.96314  2.18363
60970.11190  i_LSST  25.57489  1.07428
60956.15680  i_LSST  25.49070  1.61860
60954.00310  z_LSST  24.02770  0.63974
60953.99230  i_LSST  23.86509  0.50528
60935.08560  u_LSST  25.95992  1.29005
60935.05440  r_LSST  26.35597  1.27826
60934.08630  u_LSST  25.65127  1.14519
60927.05230  z_LSST  24.61537  1.64622
60926.18350  i_LSST  24.22260  0.97438
60916.17260  z_LSST  24.47341  0.83461
60916.00200  i_LSST  24.94446  1.10591
60913.27130  i_LSST  24.99246  0.64415
60913.24670  r_LSST  26.77340  2.03823
60912.26800  z_LSST  26.65710  6.22565
60909.26580  i_LSST  25.09082  0.83405
60908.11470  r_LSST  27.89909  7.36823
60908.09140  u_LSST  27.60251  10.32509
60906.27680  g_LSST  27.40104  3.34778
60906.25390  u_LSST  25.06636  0.56088
60901.14050  r_LSST  24.70768  0.46537
60887.20250  z_LSST  25.56474  2.21425
60886.20330  g_LSST  25.24110  0.40803
60882.24070  r_LSST  25.10759  0.50049
60882.21660  g_LSST  25.45307  0.53898
60879.37070  g_LSST  26.69734  2.19224
60876.34610  i_LSST  25.41065  1.04164
60873.35330  z_LSST  24.66971  0.80206
60873.32900  i_LSST  25.32406  0.84995
60857.40550  i_LSST  23.89600  0.31921
60857.38150  z_LSST  24.11868  0.65187
60857.31560  i_LSST  24.04843  0.36732
60857.28990  r_LSST  25.20678  0.46652
60856.40940  i_LSST  24.11596  0.32235
60856.38520  z_LSST  23.68459  0.40684
60855.40180  i_LSST  23.90670  0.21344
60855.37710  r_LSST  25.39118  0.47932
60849.32130  i_LSST  24.49314  0.39906
60849.29530  r_LSST  25.26032  0.67347
60848.41630  z_LSST  23.86584  0.49610
60845.43080  z_LSST  25.42928  2.07564
60845.41950  i_LSST  24.01597  0.26637
