# ================================
# SNID: 100559
# RA: 29.34776496887207
# DEC: -64.46897888183594
# ================================
NVAR: 4
VARNAMES: MJD FLT MAG MAGERR
61793.04080  i_LSST  25.27855  1.80773
61789.05300  z_LSST  25.14113  1.19246
61787.15960  z_LSST  24.77158  1.86522
61785.07990  g_LSST  25.75443  0.79179
61776.05840  z_LSST  24.38302  0.63685
61772.14080  i_LSST  25.94603  1.93364
61772.11650  r_LSST  25.14532  0.71217
61767.24630  i_LSST  26.60225  5.62175
61766.08100  r_LSST  26.79364  2.25597
61766.06400  u_LSST  24.93337  0.68848
61765.03720  i_LSST  26.07767  3.54974
61762.06560  u_LSST  25.58300  1.59663
61758.15090  r_LSST  29.04417  13.74336
61753.24350  z_LSST  24.07414  0.77304
61748.22420  i_LSST  25.01377  0.97376
61748.20030  r_LSST  25.17309  0.85335
61741.11010  g_LSST  29.87416  22.46998
61740.11910  z_LSST  24.55181  0.92969
61735.09130  r_LSST  25.88388  1.03243
61728.23060  r_LSST  25.85939  1.36366
61728.20630  g_LSST  25.71131  1.11927
61726.21980  z_LSST  25.53896  2.45422
61723.25290  z_LSST  24.70939  1.72489
61720.16490  z_LSST  24.82148  1.10567
61717.16480  r_LSST  25.09062  0.52799
61712.10980  i_LSST  25.15959  0.70770
61711.17200  g_LSST  26.33797  0.75349
61708.23250  z_LSST  26.81607  6.92640
61708.23210  z_LSST  26.19022  3.89197
61708.20820  i_LSST  26.20094  1.81622
61707.19530  i_LSST  32.37847  597.88172
61707.17100  r_LSST  25.29946  0.49463
61704.32980  z_LSST  25.91630  4.31219
61703.19760  r_LSST  25.53756  0.57247
61703.17410  u_LSST  25.58109  1.01138
61700.05270  g_LSST  25.81009  0.96122
61696.32110  z_LSST  24.37210  0.90350
61696.03540  i_LSST  29.16235  39.07978
61696.01460  r_LSST  26.60786  2.53051
61692.15370  i_LSST  24.40082  0.68233
61689.22180  i_LSST  25.63349  1.37448
61688.12050  z_LSST  24.36860  0.93325
61687.18750  i_LSST  24.97896  0.68480
61675.27510  g_LSST  25.92436  0.67712
61674.25560  i_LSST  24.74778  0.56330
61674.23130  r_LSST  25.88950  1.21644
61672.33850  r_LSST  25.18293  0.76848
61672.31420  g_LSST  26.24538  1.19139
61666.33940  r_LSST  26.16342  2.24221
61654.28380  i_LSST  26.72727  2.73812
61653.18870  i_LSST  27.21649  5.51525
61652.35950  r_LSST  26.85648  2.60900
61652.33520  g_LSST  26.34968  1.20182
61650.36280  r_LSST  28.92583  15.03156
61644.37720  r_LSST  25.50680  0.74069
61642.29260  r_LSST  25.25906  0.65780
61642.26790  g_LSST  26.13277  1.22152
61638.40270  z_LSST  26.07267  5.85395
61637.33490  z_LSST  25.08750  1.92883
61631.30850  z_LSST  25.06047  1.98931
61620.38910  r_LSST  25.43870  1.12821
61620.36460  g_LSST  25.98128  1.33783
61616.39080  r_LSST  24.37061  0.38426
61436.12840  r_LSST  25.88513  1.92501
61436.12790  r_LSST  26.28474  2.78149
61436.10380  g_LSST  25.79739  1.27225
61434.06020  z_LSST  23.54880  0.69759
61426.11830  z_LSST  24.68124  1.44760
61421.05410  z_LSST  23.64708  0.34528
61414.14710  i_LSST  24.61515  0.80882
61414.12290  r_LSST  26.01789  1.51845
61411.05760  z_LSST  23.21018  0.30318
61411.04430  i_LSST  27.23493  6.79194
61383.08530  r_LSST  28.25066  11.55324
61383.06090  g_LSST  27.23377  2.49936
61379.14000  i_LSST  24.95926  0.73287
61379.13360  i_LSST  25.79104  1.57667
61379.11150  r_LSST  26.85724  2.71365
61376.13080  r_LSST  25.02346  0.35754
61376.10610  g_LSST  26.25886  0.71262
61367.09260  r_LSST  25.50065  1.00812
61367.07520  r_LSST  27.73403  7.88617
61363.07440  r_LSST  26.55258  3.12562
61363.05020  g_LSST  25.10455  0.66870
61356.07980  r_LSST  24.74554  0.45380
61340.04020  z_LSST  22.93420  0.37483
61336.30980  i_LSST  23.89471  0.42076
61336.05860  i_LSST  23.64701  0.33493
61336.03460  z_LSST  23.70486  0.50445
61334.32310  z_LSST  23.67622  0.42736
61334.29870  i_LSST  23.99029  0.30520
61329.23150  r_LSST  25.00472  0.43376
61329.20860  g_LSST  25.09388  0.32018
61316.26650  r_LSST  23.92458  0.22409
61303.26390  i_LSST  25.00079  0.90175
61301.20550  i_LSST  26.07129  2.57039
61301.18140  r_LSST  25.75771  0.89903
61301.17960  r_LSST  26.02114  1.14590
61291.31620  i_LSST  26.44271  2.73671
61291.29070  r_LSST  26.03775  0.84659
61283.29130  r_LSST  26.11703  2.16457
61282.36800  r_LSST  26.04619  1.90090
61281.23590  z_LSST  27.07316  9.16837
61274.35330  i_LSST  26.11421  2.34209
61266.23650  z_LSST  24.54716  0.95425
61266.21230  i_LSST  24.53717  0.60010
61257.34160  r_LSST  26.48907  3.20817
61243.38000  i_LSST  24.26429  0.83437
61222.34670  z_LSST  27.35976  16.72816
61138.99800  z_LSST  23.97275  1.10269
61065.03760  i_LSST  27.57755  8.93935
61031.14410  i_LSST  25.80302  1.32604
61031.11880  r_LSST  30.85635  87.37134
61029.04820  z_LSST  25.63935  1.78276
61021.04650  z_LSST  25.53243  1.95148
61021.03270  i_LSST  26.48208  3.54579
61012.13400  i_LSST  25.15228  1.08242
61003.12540  z_LSST  25.80210  2.21842
61001.16970  z_LSST  25.62532  2.44740
61001.14520  i_LSST  27.96555  10.15177
60998.10150  r_LSST  28.06976  9.98125
60994.23040  u_LSST  26.22356  3.68136
60991.13290  r_LSST  27.53893  4.73281
60978.07990  i_LSST  25.42364  1.29371
60966.32060  g_LSST  27.25364  2.94487
60966.32020  g_LSST  26.05308  0.97464
60966.29670  u_LSST  25.30941  1.03487
60966.29630  u_LSST  24.97942  0.76364
60965.05380  r_LSST  26.80633  5.76162
60965.03000  u_LSST  27.50166  15.98025
60965.02960  u_LSST  26.18013  4.73119
60956.10930  r_LSST  24.85561  1.10250
60956.04510  r_LSST  25.23624  1.56543
60956.02130  g_LSST  24.67304  1.05805
60952.01570  i_LSST  27.42255  14.05183
60939.37150  i_LSST  25.14070  0.74288
60935.34180  z_LSST  24.34490  0.91290
60935.31730  i_LSST  24.61137  0.82190
60926.22860  z_LSST  24.20777  0.86741
60916.36990  z_LSST  25.40748  2.33389
60915.31720  g_LSST  26.73696  1.82351
60913.35950  i_LSST  25.63931  0.76689
60913.33510  r_LSST  25.61281  0.55836
60909.40640  i_LSST  26.36544  2.26985
