# ================================
# SNID: 100989
# RA: 160.9441375732422
# DEC: -17.733442306518555
# ================================
NVAR: 4
VARNAMES: MJD FLT MAG MAGERR
61891.01050  i_LSST  22.56680  0.07253
61890.98620  z_LSST  22.74351  0.14859
61887.06090  u_LSST  22.47924  0.05055
61887.03730  r_LSST  22.15613  0.02779
61886.14690  r_LSST  22.16101  0.02787
61886.12300  g_LSST  22.37287  0.02013
61884.09420  g_LSST  22.39599  0.02325
61874.14310  i_LSST  22.94819  0.14087
61874.11880  r_LSST  22.29060  0.04456
61872.14760  r_LSST  22.28361  0.05472
61870.19550  z_LSST  22.54277  0.22243
61870.19460  z_LSST  22.34243  0.18495
61870.17150  i_LSST  22.45809  0.13813
61870.17060  i_LSST  22.57930  0.15445
61861.12680  z_LSST  22.90287  0.17348
61861.10270  i_LSST  22.76168  0.08047
61859.20910  z_LSST  22.90546  0.21369
61859.18510  i_LSST  22.71368  0.10871
61857.21320  z_LSST  22.75822  0.15943
61857.18940  i_LSST  22.83789  0.10046
61850.21870  i_LSST  22.56057  0.05903
61850.19400  r_LSST  22.10988  0.02442
61848.23000  r_LSST  22.11545  0.03418
61847.17580  i_LSST  22.47993  0.07490
61847.15120  r_LSST  22.07601  0.02882
61846.23720  g_LSST  22.31264  0.04918
61845.12530  i_LSST  22.70385  0.09422
61845.10120  z_LSST  23.11036  0.22643
61844.22340  z_LSST  22.58094  0.12369
61844.19950  i_LSST  22.65031  0.08343
61838.22580  z_LSST  22.79913  0.25390
61836.23670  z_LSST  22.62988  0.11168
61835.19640  i_LSST  22.72803  0.05969
61835.17190  r_LSST  22.22340  0.02877
61834.26930  i_LSST  22.77387  0.08143
61833.27150  r_LSST  22.24965  0.02997
61832.17790  z_LSST  22.97168  0.15744
61826.28650  r_LSST  22.18046  0.03119
61826.26240  g_LSST  22.33906  0.02663
61824.28270  i_LSST  22.67813  0.05970
61824.25800  r_LSST  22.14595  0.02446
61822.28900  i_LSST  22.73833  0.08508
61822.26440  r_LSST  22.18229  0.02636
61821.20810  i_LSST  22.64350  0.06526
61821.18300  r_LSST  22.18766  0.03126
61818.20180  i_LSST  22.68905  0.06418
61818.17770  r_LSST  22.18551  0.03367
61817.26270  i_LSST  22.76427  0.07689
61816.24590  i_LSST  22.70425  0.08700
61816.24500  i_LSST  22.63853  0.08189
61816.22110  r_LSST  22.23339  0.05030
61816.22020  r_LSST  22.10591  0.04473
61815.34210  z_LSST  22.70610  0.17316
61815.22050  z_LSST  22.44146  0.13570
61810.24810  i_LSST  22.70943  0.10448
61810.22380  r_LSST  22.18339  0.05811
61808.32740  r_LSST  22.06038  0.03759
61807.30460  z_LSST  22.61346  0.11784
61807.30370  z_LSST  22.53786  0.10991
61804.33620  z_LSST  22.47244  0.10790
61804.30730  z_LSST  22.50781  0.11147
61803.20920  i_LSST  22.65103  0.06727
61803.18530  r_LSST  22.05723  0.02226
61802.26020  r_LSST  22.05378  0.02397
61802.24000  g_LSST  22.49791  0.02423
61802.23540  g_LSST  22.47913  0.02382
61801.32170  r_LSST  22.05636  0.04003
61801.29770  g_LSST  22.43762  0.01902
61800.34440  z_LSST  22.55231  0.11500
61795.25240  i_LSST  22.58758  0.06469
61795.22790  r_LSST  22.00215  0.02615
61793.27430  i_LSST  22.52310  0.05760
61793.25000  r_LSST  21.99805  0.02092
61792.35720  z_LSST  22.50096  0.09044
61790.29530  i_LSST  22.46364  0.07056
61790.27080  z_LSST  22.65258  0.14577
61788.29830  i_LSST  22.59478  0.09232
61788.29790  i_LSST  22.62604  0.09502
61788.27400  r_LSST  22.04782  0.03662
61788.27360  r_LSST  22.12745  0.03940
61781.31990  i_LSST  22.47151  0.08875
61781.29530  r_LSST  22.13290  0.05762
61780.31140  z_LSST  22.90113  0.16270
61780.31050  z_LSST  22.62522  0.12619
61700.37320  r_LSST  22.50832  0.21710
61700.37010  r_LSST  22.26484  0.17349
61700.36700  r_LSST  22.53844  0.22321
61700.36390  r_LSST  22.56501  0.22874
61527.11630  i_LSST  22.73249  0.08567
61527.09200  r_LSST  22.35784  0.03082
61518.11190  z_LSST  22.35683  0.11006
61518.08760  i_LSST  22.82061  0.16033
61500.19220  i_LSST  22.57813  0.06034
61500.16780  r_LSST  22.35081  0.03175
61498.23970  r_LSST  22.36414  0.04143
61498.21570  g_LSST  22.67407  0.03637
61476.10210  r_LSST  22.40047  0.04165
61476.07800  g_LSST  22.74458  0.03418
61475.21580  r_LSST  22.43976  0.03685
61475.19110  g_LSST  22.69577  0.03603
61474.27000  z_LSST  22.21875  0.10932
61474.24540  i_LSST  22.76154  0.08748
61472.30170  z_LSST  22.46796  0.12606
61472.27770  i_LSST  22.70374  0.08196
61465.13360  r_LSST  22.41161  0.04159
61465.10960  g_LSST  22.68492  0.03054
61446.33610  z_LSST  22.23846  0.10821
61446.31160  i_LSST  22.80360  0.09987
61433.26540  z_LSST  22.15128  0.09088
61425.30360  i_LSST  22.79905  0.10179
61425.27930  r_LSST  22.40654  0.04843
61336.37180  z_LSST  22.88973  0.57466
61336.36870  z_LSST  22.06414  0.26864
61336.36560  z_LSST  21.94211  0.24008
61336.36250  z_LSST  22.16034  0.29353
61214.99310  r_LSST  22.30815  0.06297
61214.99170  r_LSST  22.32111  0.06373
61183.06010  i_LSST  22.89048  0.10009
61183.03620  z_LSST  22.41294  0.09739
61175.14100  i_LSST  22.53811  0.09742
61175.11700  r_LSST  22.29117  0.05149
61171.08770  i_LSST  22.56190  0.05807
61165.16830  i_LSST  22.65707  0.16983
61165.14450  z_LSST  22.74504  0.33257
61156.13890  z_LSST  22.35671  0.17462
61156.11500  i_LSST  22.48601  0.09475
61145.21780  u_LSST  21.81403  0.10331
61145.19510  r_LSST  22.11803  0.06257
61145.04680  i_LSST  22.70641  0.12526
61141.18930  i_LSST  22.67557  0.07508
61141.18880  i_LSST  22.68097  0.07545
61141.16510  r_LSST  22.22619  0.02996
61141.16460  r_LSST  22.23903  0.03032
61137.16160  z_LSST  22.42416  0.11339
61137.16110  z_LSST  22.40353  0.11125
61137.13710  i_LSST  22.87393  0.12200
61137.13670  i_LSST  22.75906  0.10975
61136.16020  z_LSST  22.51697  0.08708
61136.15260  i_LSST  22.72707  0.14588
61136.13480  i_LSST  22.60516  0.13039
61134.19430  z_LSST  22.38709  0.13499
61128.16190  z_LSST  22.34884  0.12400
61128.13760  i_LSST  22.93928  0.12714
61121.23320  z_LSST  22.67111  0.15680
61121.20880  i_LSST  22.66693  0.05755
61120.22860  z_LSST  22.40030  0.11536
61120.20410  i_LSST  22.89139  0.08770
61116.28910  u_LSST  22.12595  0.05831
61116.26540  r_LSST  22.15438  0.04294
61113.29320  r_LSST  22.28897  0.03865
61113.29140  r_LSST  22.27822  0.03827
61113.27010  u_LSST  21.99861  0.05225
61113.26840  u_LSST  22.05093  0.05483
61109.30130  r_LSST  22.16900  0.04279
61108.22640  z_LSST  22.45451  0.10095
61108.22600  z_LSST  22.47649  0.10302
61108.20230  i_LSST  22.68660  0.08424
61108.20180  i_LSST  22.67210  0.08312
61106.27350  i_LSST  22.43988  0.11368
61100.20740  r_LSST  22.32719  0.07516
61100.20500  r_LSST  22.35238  0.07692
61100.18210  g_LSST  22.80987  0.10073
61100.17980  g_LSST  22.70116  0.09113
61099.20080  i_LSST  22.63126  0.08709
61099.17640  z_LSST  22.36197  0.10360
61096.32550  r_LSST  22.36492  0.04089
61096.30140  g_LSST  22.76081  0.03346
61082.26040  i_LSST  22.57192  0.06713
61082.23540  r_LSST  22.35627  0.03389
61079.23550  g_LSST  22.91626  0.06004
61079.21110  r_LSST  22.36436  0.04502
61078.27090  z_LSST  22.49300  0.15104
61078.24670  i_LSST  22.54079  0.08944
61077.21710  z_LSST  22.72621  0.37098
61066.27950  r_LSST  22.34541  0.03372
61066.25460  i_LSST  22.54945  0.05021
61054.33260  i_LSST  22.58678  0.05712
61054.33210  i_LSST  22.52876  0.05414
61054.30770  r_LSST  22.29009  0.03295
61054.30720  r_LSST  22.35895  0.03510
61053.36320  z_LSST  22.51095  0.12473
61052.35140  r_LSST  22.36163  0.03547
61050.31670  i_LSST  22.57694  0.08038
61042.31670  z_LSST  22.49038  0.11428
61042.29270  i_LSST  22.61785  0.10110
61041.29980  r_LSST  22.31333  0.03492
61041.27590  i_LSST  22.61682  0.07390
61033.31400  i_LSST  22.78515  0.13139
61032.31830  z_LSST  22.56316  0.13498
60807.09670  i_LSST  22.53821  0.12241
60807.09400  i_LSST  22.59339  0.12879
60807.07230  r_LSST  22.14546  0.07093
60807.06960  r_LSST  22.07819  0.06667
60806.12040  z_LSST  22.42570  0.15457
60799.16200  r_LSST  22.00302  0.03762
60799.13810  g_LSST  22.35498  0.04171
60797.15390  u_LSST  21.84602  0.03289
60797.13130  g_LSST  22.34711  0.02613
60796.97270  z_LSST  22.49372  0.10149
60796.96160  i_LSST  22.76589  0.11572
60796.21350  g_LSST  22.32639  0.03050
60796.19040  u_LSST  21.81841  0.03906
60796.11850  g_LSST  22.34681  0.03107
60796.09550  u_LSST  21.88826  0.04165
