# ================================
# SNID: 101054
# RA: 259.25233030697535
# DEC: -67.81943001651368
# ================================
NVAR: 4
VARNAMES: MJD FLT MAG MAGERR
61888.24360  g_LSST  26.63786  1.68290
61884.32560  g_LSST  27.02110  1.44593
61879.36620  z_LSST  24.11313  0.74584
61879.34110  i_LSST  26.04350  3.34199
61860.32980  r_LSST  26.47900  1.88077
61847.38010  z_LSST  25.32187  1.90157
61827.38880  z_LSST  25.06671  1.26551
61806.35770  r_LSST  24.94891  0.55992
61795.35680  r_LSST  26.55507  2.59930
61674.04360  r_LSST  23.29029  0.14487
61674.01980  u_LSST  24.53607  0.51776
61670.03960  r_LSST  23.31827  0.09177
61670.01540  g_LSST  25.34140  0.45272
61660.13410  z_LSST  23.42250  0.55637
61660.11000  i_LSST  23.06835  0.27171
61656.98320  z_LSST  22.47157  0.21105
61653.99180  z_LSST  24.30098  0.96902
61653.98080  i_LSST  22.89702  0.17630
61651.98280  z_LSST  22.81738  0.25009
61651.03580  r_LSST  23.00813  0.06518
61651.01160  g_LSST  23.82765  0.13819
61650.03250  r_LSST  23.45698  0.12898
61646.02650  i_LSST  24.41507  0.53897
61646.00210  r_LSST  23.67528  0.13150
61645.03140  r_LSST  23.77364  0.12710
61645.00660  i_LSST  23.68854  0.19263
61642.97610  z_LSST  23.77770  0.54304
61640.22010  i_LSST  24.03750  0.70277
61640.19650  r_LSST  23.59198  0.32179
61640.19600  r_LSST  25.27757  1.59745
61639.98460  r_LSST  24.05950  0.28080
61639.98410  r_LSST  26.03998  1.65783
61639.02460  i_LSST  23.49116  0.29875
61625.96940  z_LSST  24.89030  1.44870
61622.13850  r_LSST  27.55088  6.48541
61618.00120  i_LSST  27.64347  14.70038
61614.13010  g_LSST  27.93273  6.27449
61612.99720  r_LSST  28.26469  13.04011
61604.15470  z_LSST  23.39509  0.60176
61603.18170  z_LSST  23.19728  0.43593
61596.96230  z_LSST  23.79775  0.70144
61595.99820  i_LSST  24.79506  1.07452
61595.97440  z_LSST  23.42872  0.50730
61594.99500  z_LSST  25.76650  3.98554
61594.99450  z_LSST  24.34113  1.09469
61593.10000  r_LSST  25.65005  1.32008
61593.07670  u_LSST  26.20833  3.54035
61590.05700  z_LSST  24.07519  0.79402
61561.26860  r_LSST  24.29779  0.64122
61561.24430  g_LSST  26.03121  1.31078
61560.38690  z_LSST  22.78236  0.44305
61558.26310  r_LSST  25.69633  1.27059
61558.26220  r_LSST  27.94743  10.30562
61558.24010  u_LSST  24.60377  0.58614
61556.20760  r_LSST  26.19066  1.92319
61555.35050  z_LSST  23.70805  0.60414
61555.32640  i_LSST  24.54753  0.74532
61553.25680  r_LSST  26.57227  2.69955
61548.12400  i_LSST  24.15260  0.76644
61548.06110  i_LSST  24.42239  1.12847
61548.06070  i_LSST  25.11971  2.25414
61548.03740  z_LSST  22.91057  0.51839
61537.24060  i_LSST  28.12840  11.44186
61537.21600  r_LSST  26.47471  1.69423
61529.42300  z_LSST  25.81616  4.82163
61529.25660  i_LSST  25.12916  0.98609
61524.39400  r_LSST  25.25964  1.03945
61514.33740  i_LSST  25.97042  1.97969
61514.31340  r_LSST  26.59335  4.06999
61495.32550  g_LSST  25.92193  0.87645
61490.35640  z_LSST  26.30991  7.64031
61488.33780  z_LSST  26.29501  4.99029
61477.34090  i_LSST  24.67369  0.78298
61477.31670  r_LSST  26.00996  1.67346
61304.05160  z_LSST  23.75963  0.60621
61294.99610  z_LSST  24.87583  1.25340
61293.03030  r_LSST  25.73798  0.91474
61281.09900  r_LSST  24.66127  0.72824
61276.06750  z_LSST  24.46432  1.10619
61276.04290  i_LSST  25.57613  2.01765
61273.99590  r_LSST  26.35539  2.95584
61268.12010  r_LSST  26.25714  1.68576
61268.09570  i_LSST  26.23001  1.98774
61225.02610  r_LSST  25.80193  1.46805
61215.98720  z_LSST  26.06801  9.26262
61213.14310  z_LSST  24.31171  1.06496
61212.07830  i_LSST  25.13038  1.08848
61212.01240  i_LSST  28.39771  27.37941
61211.98860  r_LSST  26.19402  2.65182
61209.09900  i_LSST  26.64471  4.72174
61192.20090  i_LSST  24.52780  0.94998
61187.14570  z_LSST  25.19671  2.88806
61174.23400  r_LSST  24.75566  0.42329
61174.20990  g_LSST  26.01564  1.55968
61164.16420  i_LSST  27.80168  20.97447
61156.36860  z_LSST  25.47340  2.28171
61150.38460  i_LSST  28.43065  16.46276
61148.29610  r_LSST  26.28870  1.60607
61148.29560  r_LSST  27.68878  5.39204
61144.37950  r_LSST  26.49595  1.95855
61141.36560  i_LSST  24.93936  0.61880
61139.39810  i_LSST  27.12506  5.28884
60931.06480  r_LSST  29.02803  32.69284
60918.97590  z_LSST  25.70782  4.26238
60917.05110  i_LSST  24.99634  1.04384
60911.98230  r_LSST  24.71527  0.63070
60909.97650  i_LSST  25.53434  1.36255
60881.09750  g_LSST  26.22444  1.39492
60877.30570  r_LSST  26.40611  4.52302
60875.03590  i_LSST  26.59558  3.13421
60868.04580  z_LSST  24.83460  1.31618
60864.03590  i_LSST  26.27944  6.45106
60864.01690  i_LSST  23.73466  0.63404
60863.99290  z_LSST  25.70437  4.71753
60852.01380  i_LSST  28.17406  16.94728
60851.98960  z_LSST  24.76128  1.37445
60848.36190  g_LSST  31.01472  155.98886
60844.15110  z_LSST  24.83363  0.96287
60844.00050  z_LSST  25.03683  1.72647
60843.99200  i_LSST  24.55186  0.74779
60843.97550  i_LSST  25.18012  1.14091
60843.04250  r_LSST  26.81297  2.40282
60843.01860  g_LSST  25.90083  0.98370
60841.96560  z_LSST  27.49382  24.58967
60841.95400  i_LSST  24.15880  0.69715
60830.34000  z_LSST  25.07858  1.62601
60829.35840  g_LSST  27.94056  4.95602
