# ================================
# SNID: 101179
# RA: 346.7938232421875
# DEC: -16.40802574157715
# ================================
NVAR: 4
VARNAMES: MJD FLT MAG MAGERR
61876.41800  z_LSST  23.28354  1.22186
61872.41590  r_LSST  23.41424  0.80905
61872.40970  r_LSST  24.29155  1.81510
61739.08670  r_LSST  26.73810  2.79114
61734.03960  z_LSST  24.34083  0.48401
61734.02670  i_LSST  24.65088  0.60198
61727.01260  i_LSST  24.43562  0.68151
61726.03840  z_LSST  24.29722  0.58263
61721.08930  i_LSST  24.02934  0.36564
61721.08890  i_LSST  24.85506  0.78223
61721.06500  z_LSST  26.77661  6.59327
61721.06450  z_LSST  23.42631  0.30129
61713.10350  z_LSST  24.41181  0.58340
61713.10210  z_LSST  23.98808  0.39489
61713.07940  i_LSST  24.26085  0.39589
61713.07800  i_LSST  24.42824  0.46189
61710.14300  z_LSST  24.56196  0.85067
61710.11860  i_LSST  25.22961  0.79475
61709.09450  i_LSST  24.31462  0.27388
61708.10410  z_LSST  24.08961  0.45744
61708.07950  i_LSST  24.66968  0.35857
61707.05360  r_LSST  26.29231  1.04404
61704.19570  i_LSST  24.65225  0.51860
61704.17180  r_LSST  25.03211  0.46418
61703.11000  r_LSST  25.12485  0.46975
61703.08540  u_LSST  25.81753  1.03085
61701.00500  z_LSST  23.88624  0.81138
61700.99590  z_LSST  23.22217  0.44014
61700.08030  i_LSST  24.41549  0.35051
61700.07940  i_LSST  24.20893  0.28978
61698.99940  z_LSST  24.44453  1.34807
61698.99890  z_LSST  24.29541  1.17508
61698.12760  i_LSST  24.25099  0.24665
61698.11030  r_LSST  25.35673  0.50180
61697.16810  z_LSST  25.14538  2.07810
61695.09470  i_LSST  24.61761  0.68086
61695.07010  z_LSST  24.29527  0.65695
61694.17730  i_LSST  26.29246  5.62242
61694.15340  r_LSST  26.03410  2.90569
61692.99580  z_LSST  24.48894  0.95600
61683.07970  r_LSST  24.74816  0.33232
61682.15890  g_LSST  26.86352  1.49122
61676.12400  r_LSST  25.15813  0.48889
61675.21560  r_LSST  24.45291  0.17721
61675.19160  g_LSST  26.51295  0.74722
61673.11930  g_LSST  26.58925  0.92791
61672.19220  g_LSST  26.45356  1.08571
61672.16800  r_LSST  24.71503  0.23130
61671.22360  g_LSST  26.35579  1.00012
61671.19630  r_LSST  26.32307  1.36757
61670.21100  z_LSST  23.18536  0.21128
61670.18630  i_LSST  24.21946  0.30239
61669.26740  r_LSST  25.66725  1.06592
61666.20500  z_LSST  24.71722  1.09580
61665.25600  z_LSST  23.29223  0.36244
61665.23200  i_LSST  24.07333  0.52635
61653.25070  i_LSST  23.86918  0.30498
61653.25020  i_LSST  23.94878  0.32818
61653.22540  r_LSST  24.93196  0.35385
61653.22500  r_LSST  24.79458  0.31179
61652.31150  z_LSST  23.81587  0.50412
61652.31100  z_LSST  23.46796  0.36591
61652.28730  i_LSST  23.58251  0.24476
61652.28680  i_LSST  23.71419  0.27632
61651.16780  r_LSST  24.37128  0.25110
61651.14290  g_LSST  26.33728  1.14482
61649.29920  r_LSST  24.61641  0.33617
61649.27720  g_LSST  25.97119  0.63745
61649.27490  g_LSST  26.41229  0.95694
61648.29410  z_LSST  23.34088  0.28120
61648.26970  i_LSST  23.68143  0.28663
61647.27540  z_LSST  23.26922  0.22506
61646.20630  z_LSST  23.06243  0.21386
61646.20580  z_LSST  23.05684  0.21276
61646.18070  i_LSST  23.63149  0.15998
61646.18030  i_LSST  23.66262  0.16464
61645.28100  i_LSST  23.65826  0.16311
61645.25650  r_LSST  24.18612  0.14511
61643.37560  i_LSST  23.15760  0.18072
61643.20630  r_LSST  24.89402  0.62903
61643.20580  r_LSST  24.15923  0.31971
61643.18180  g_LSST  26.55635  1.17244
61643.18130  g_LSST  25.64860  0.50815
61642.11160  r_LSST  24.54308  0.39351
61642.08770  i_LSST  23.61179  0.32480
61641.34000  r_LSST  24.58116  0.56092
61640.35970  r_LSST  24.72859  0.63806
61639.22000  z_LSST  23.42698  0.38165
61638.12930  z_LSST  22.84497  0.29111
61631.25390  i_LSST  23.28442  0.14627
61631.22940  r_LSST  24.03371  0.27936
61628.31370  z_LSST  23.09674  0.24630
61622.27540  z_LSST  23.12360  0.26501
61622.25120  i_LSST  22.85483  0.10744
61620.30660  i_LSST  23.11480  0.18700
61620.28170  z_LSST  23.45899  0.56947
61619.37130  r_LSST  23.59283  0.21289
61619.36200  r_LSST  23.45562  0.18762
61619.34710  g_LSST  24.58993  0.33970
61619.33780  g_LSST  24.81208  0.41682
61618.31740  i_LSST  23.21482  0.13204
61618.29190  r_LSST  23.48132  0.16523
61615.33220  i_LSST  23.63880  0.31794
61615.33180  i_LSST  23.07311  0.18883
61615.30670  r_LSST  23.45412  0.17167
61615.30620  r_LSST  23.40522  0.16411
61613.36600  i_LSST  23.19365  0.16027
61613.34030  r_LSST  23.21060  0.11434
61612.40590  z_LSST  23.09957  0.21277
61604.39960  z_LSST  23.12016  0.34573
61604.35460  z_LSST  22.58257  0.21072
61602.21970  z_LSST  22.89821  0.49128
61601.43950  z_LSST  24.46664  2.01088
61601.42780  i_LSST  22.95421  0.27628
61595.41320  r_LSST  22.71036  0.07031
61595.38860  g_LSST  23.34929  0.07167
61594.42990  i_LSST  22.62061  0.10263
61594.41860  r_LSST  22.86042  0.06984
61594.41220  r_LSST  22.66008  0.05807
61594.38790  g_LSST  23.37316  0.07426
61593.43820  r_LSST  22.60245  0.09337
61593.30160  g_LSST  23.22811  0.08935
61590.44390  r_LSST  22.77861  0.12935
61590.44260  r_LSST  22.72544  0.12317
61585.38060  z_LSST  22.80420  0.22582
61585.35460  i_LSST  22.78240  0.17442
61584.31660  z_LSST  22.64525  0.18065
61584.29260  i_LSST  22.67407  0.11483
61583.27040  i_LSST  22.79112  0.14894
61583.24660  r_LSST  22.34779  0.12528
61548.38850  z_LSST  23.32301  0.35828
