# ================================
# SNID: 101224
# RA: 170.37684631347656
# DEC: -39.51668930053711
# ================================
NVAR: 4
VARNAMES: MJD FLT MAG MAGERR
61555.13990  i_LSST  27.85222  15.84618
61555.11600  r_LSST  25.16665  0.58864
61551.10410  i_LSST  24.77032  0.79013
61549.09690  i_LSST  26.04748  2.84646
61549.07280  r_LSST  25.37664  0.88556
61548.10040  r_LSST  25.18458  1.22629
61548.07610  i_LSST  24.63016  0.67275
61546.06370  z_LSST  24.42778  2.10306
61541.10430  i_LSST  24.46924  0.62084
61539.12290  z_LSST  23.74816  0.68630
61539.12070  z_LSST  24.95923  2.09383
61529.16880  i_LSST  26.70370  4.46324
61526.17600  z_LSST  24.30054  0.67780
61523.17320  r_LSST  25.91328  1.34552
61523.17180  r_LSST  25.78901  1.20000
61519.24210  z_LSST  24.51321  1.41675
61519.21800  i_LSST  23.87321  0.48430
61511.98300  z_LSST  26.09353  5.34222
61507.19330  r_LSST  25.05802  0.59260
61499.24470  i_LSST  28.24992  9.47634
61499.22060  r_LSST  26.20673  1.18829
61498.25250  r_LSST  26.60545  1.74877
61498.18920  r_LSST  25.76185  0.80407
61492.27370  i_LSST  24.35967  0.54365
61492.24950  r_LSST  26.89114  5.35632
61490.25110  z_LSST  25.86098  3.11132
61486.14160  z_LSST  27.24874  13.30232
61486.13320  z_LSST  24.11167  0.73977
61484.06010  z_LSST  24.21984  1.18275
61481.13730  i_LSST  26.10721  1.59719
61481.11320  r_LSST  26.32068  1.77927
61480.03550  r_LSST  24.91810  0.54519
61474.31570  r_LSST  26.20279  1.48229
61474.29160  g_LSST  26.25643  0.96414
61472.04960  i_LSST  25.18264  1.10857
61472.02530  z_LSST  24.12194  1.28212
61465.14170  r_LSST  25.50217  0.81810
61465.11770  g_LSST  25.48343  0.61467
61465.11680  g_LSST  25.34890  0.54304
61464.06500  g_LSST  25.67358  0.54056
61462.34510  z_LSST  24.29110  0.87382
61462.32060  i_LSST  26.62186  2.90581
61460.10760  r_LSST  24.17776  0.42930
61460.08340  g_LSST  24.75607  0.65037
61456.31980  i_LSST  25.00213  1.30597
61456.08080  z_LSST  25.13630  4.24836
61452.10530  z_LSST  26.99278  13.66080
61451.17400  z_LSST  23.45739  0.42567
61451.17360  z_LSST  26.06798  4.71315
61437.31010  i_LSST  24.41879  0.53668
61435.37300  r_LSST  26.19237  1.38872
61431.37650  z_LSST  25.44732  2.34215
61429.37050  z_LSST  27.58854  14.99764
61428.37720  z_LSST  25.72327  5.65113
61425.37100  z_LSST  24.61762  1.04512
61424.25530  i_LSST  25.31527  0.99200
61420.28100  i_LSST  25.24755  0.71285
61420.25470  r_LSST  27.01640  2.73416
61417.27880  r_LSST  26.54830  2.34249
61414.30850  r_LSST  29.11566  19.63865
61412.30770  z_LSST  25.44558  1.49019
61412.28940  i_LSST  25.28980  0.87712
61412.28900  i_LSST  25.42722  0.99546
61411.31610  i_LSST  24.54477  0.36689
61411.29930  r_LSST  25.38627  0.50511
61410.35300  r_LSST  27.10476  2.85452
61401.35360  z_LSST  25.01090  1.69011
61213.98730  z_LSST  22.30450  0.11985
61213.98690  z_LSST  22.45214  0.13731
61211.04590  z_LSST  22.49275  0.15770
61211.02160  i_LSST  22.30432  0.06533
61181.08450  i_LSST  22.13575  0.05712
61181.08400  i_LSST  22.00214  0.05051
61181.06000  r_LSST  22.50757  0.05295
61181.05960  r_LSST  22.52092  0.05361
61176.97370  z_LSST  21.97346  0.07296
61176.96260  i_LSST  22.09020  0.04476
61175.08740  z_LSST  21.94491  0.08598
61175.06310  i_LSST  22.10694  0.05446
61170.14560  i_LSST  21.96769  0.03975
61159.12930  z_LSST  21.73425  0.08101
61156.05750  z_LSST  21.69072  0.04789
61156.03290  i_LSST  21.88023  0.04769
61144.23130  u_LSST  25.18779  1.17063
61144.20870  r_LSST  21.96505  0.03131
61141.17210  r_LSST  21.86832  0.02020
61134.24020  g_LSST  22.38043  0.14808
61132.19420  i_LSST  21.75978  0.10226
61132.02620  i_LSST  21.97391  0.12455
61132.00200  z_LSST  21.78163  0.10259
61124.23740  i_LSST  21.86830  0.03064
61124.21310  r_LSST  21.93013  0.02095
61123.31310  r_LSST  21.92059  0.02694
61123.28950  u_LSST  23.27473  0.12885
61120.23310  i_LSST  21.97620  0.04631
61120.03790  i_LSST  22.03913  0.04908
61120.01380  z_LSST  22.30676  0.18451
61119.28830  g_LSST  22.09546  0.02424
61119.26510  u_LSST  22.92665  0.09475
61118.24210  u_LSST  22.58708  0.06031
61118.21850  r_LSST  22.09065  0.02933
61113.30260  r_LSST  22.41089  0.03639
61113.27880  u_LSST  22.63679  0.06336
61109.18790  r_LSST  32.35134  383.58357
61109.16350  g_LSST  27.25024  2.53967
61108.28090  r_LSST  25.56469  1.03787
61108.25650  g_LSST  26.30893  1.85131
61106.28400  z_LSST  26.69048  6.20160
61106.25980  i_LSST  26.61357  3.82011
61101.28600  z_LSST  27.18896  9.10825
61100.32970  z_LSST  25.24815  1.81247
61100.17750  g_LSST  25.27878  0.87705
61096.27000  i_LSST  25.90329  1.56690
61096.08050  r_LSST  28.67711  19.45281
61095.22130  i_LSST  25.13856  0.71261
61089.32300  i_LSST  27.47921  5.39621
61089.29820  r_LSST  25.61767  0.55220
61082.27460  i_LSST  26.80348  2.95320
61082.24910  r_LSST  27.26022  3.04571
61074.23540  z_LSST  24.79710  1.05055
61072.20130  i_LSST  28.88008  41.01059
61068.35260  z_LSST  24.70258  1.13817
61066.29270  r_LSST  27.42646  3.80351
61048.33680  i_LSST  24.79639  0.70795
60976.36380  r_LSST  25.44773  2.17334
60976.36070  r_LSST  25.18645  1.70850
60976.35710  r_LSST  26.26662  4.62045
