# ================================
# SNID: 101305
# RA: 350.4544982910156
# DEC: -60.27096939086914
# ================================
NVAR: 4
VARNAMES: MJD FLT MAG MAGERR
61755.05040  z_LSST  23.86829  0.67390
61748.04340  z_LSST  24.46065  1.05053
61739.03990  z_LSST  26.10859  3.07622
61739.02670  i_LSST  24.88891  0.73572
61737.08140  r_LSST  25.88566  0.99799
61737.05790  u_LSST  24.33174  0.37549
61736.12690  i_LSST  24.65154  0.73398
61719.17910  z_LSST  24.92093  1.65143
61712.12030  z_LSST  27.02509  6.44023
61712.09650  i_LSST  26.83275  3.01608
61712.09600  i_LSST  26.41411  2.05110
61711.05490  i_LSST  25.37096  0.70910
61711.03070  r_LSST  26.70739  1.57673
61710.10790  i_LSST  25.71040  2.35662
61710.10740  i_LSST  25.05249  1.28566
61710.08360  r_LSST  27.35684  3.29664
61707.13200  g_LSST  28.92384  8.58073
61706.17820  u_LSST  25.30076  1.54241
61706.15380  r_LSST  25.56911  0.94137
61706.02050  z_LSST  25.32433  1.17234
61706.02010  z_LSST  24.70136  0.66049
61706.00870  i_LSST  26.46755  2.09914
61706.00830  i_LSST  27.11580  3.81366
61705.08260  r_LSST  26.49832  1.35707
61703.22800  r_LSST  25.18666  0.46956
61703.04290  u_LSST  24.85856  0.57298
61703.04200  u_LSST  26.64239  2.96256
61697.10250  g_LSST  25.62264  0.95721
61697.07820  r_LSST  24.47670  0.36249
61692.17260  i_LSST  24.27249  0.51824
61688.08050  z_LSST  25.09398  1.55584
61688.08010  z_LSST  25.97683  3.50836
61688.05590  i_LSST  26.51035  2.87429
61682.08200  r_LSST  25.67404  0.68973
61674.30570  z_LSST  27.59625  13.57650
61674.28190  i_LSST  24.47591  0.70028
61674.28050  i_LSST  25.24940  1.42779
61670.10550  g_LSST  27.86564  3.30762
61666.18540  i_LSST  27.41264  9.45263
61660.09250  i_LSST  24.48062  0.98046
61656.22080  i_LSST  24.95640  1.02776
61656.02290  i_LSST  28.97583  41.65458
61655.99950  z_LSST  23.85261  0.85295
61655.99900  z_LSST  25.07807  2.63700
61653.13840  r_LSST  29.02889  14.70849
61652.26770  z_LSST  24.60602  0.86527
61647.24430  z_LSST  26.05705  2.98302
61647.24250  z_LSST  27.23054  8.79127
61647.22010  i_LSST  27.80577  9.30191
61647.21820  i_LSST  27.63050  7.91523
61645.23080  i_LSST  25.76540  1.20890
61644.22620  r_LSST  25.92561  1.01921
61644.20260  u_LSST  26.21102  2.33068
61644.20220  u_LSST  27.61542  8.49654
61640.02550  g_LSST  25.27729  1.10526
61640.00170  r_LSST  24.78311  0.95154
61638.17660  r_LSST  25.68267  2.20598
61622.19820  z_LSST  26.34908  5.01798
61620.37520  g_LSST  25.65325  0.95574
61619.28740  i_LSST  26.80293  5.32556
61616.35210  r_LSST  25.88339  0.97055
61614.34130  r_LSST  26.54543  2.26006
61613.32620  z_LSST  24.57245  1.03705
61613.30200  i_LSST  24.37019  0.65914
61612.37570  i_LSST  25.95389  1.65412
61612.35160  r_LSST  26.08403  1.43334
61611.39500  i_LSST  26.56889  4.70950
61604.41140  z_LSST  24.89951  1.99133
61604.40770  z_LSST  24.57283  1.47391
61602.29930  z_LSST  25.80344  5.21990
61596.40440  r_LSST  26.88092  3.61378
61593.37450  i_LSST  25.39673  1.06679
61590.41800  i_LSST  25.72008  2.80169
61590.31760  i_LSST  24.43854  0.86060
61590.29360  r_LSST  26.66047  2.79846
61584.33680  z_LSST  23.89563  0.74557
61539.39900  z_LSST  26.15461  4.46355
61379.04870  z_LSST  23.84375  0.55726
61379.04770  z_LSST  24.36394  0.89977
61379.03450  i_LSST  24.10931  0.33983
61373.02570  z_LSST  23.07202  0.32780
61366.07050  i_LSST  23.18939  0.17056
61366.04630  r_LSST  23.82810  0.27026
61364.11210  z_LSST  22.52694  0.12957
61364.08730  i_LSST  22.70894  0.11350
61363.06560  r_LSST  23.76585  0.25904
61363.04130  g_LSST  24.83818  0.45558
61347.06720  r_LSST  23.24430  0.08125
61347.04280  g_LSST  25.39554  0.39637
61338.11190  z_LSST  22.03225  0.09907
61328.07580  i_LSST  22.12960  0.06433
61304.14320  r_LSST  22.84854  0.12792
61304.14270  r_LSST  22.76542  0.11849
61304.03440  r_LSST  22.81274  0.12377
61304.03390  r_LSST  22.71910  0.11354
61304.01030  i_LSST  21.98986  0.08195
61304.00990  i_LSST  21.83332  0.07095
61303.29920  z_LSST  21.70904  0.05559
61303.27490  i_LSST  21.99845  0.04274
61301.21280  i_LSST  21.87292  0.04399
61301.18870  r_LSST  22.57562  0.04692
61295.12820  z_LSST  21.70049  0.05442
61295.10400  i_LSST  21.85917  0.04138
61294.24650  i_LSST  21.70613  0.04183
61294.22170  z_LSST  21.59487  0.05412
61291.25890  g_LSST  24.01803  0.10388
61283.28160  r_LSST  22.02331  0.03543
61283.25700  i_LSST  21.57602  0.03003
61282.31800  z_LSST  21.41103  0.04104
61281.19930  i_LSST  21.54052  0.04569
61281.17500  r_LSST  21.98976  0.06006
61276.40610  r_LSST  21.83687  0.02268
61276.16200  i_LSST  21.49538  0.04035
61275.19890  z_LSST  21.20215  0.04595
61275.19710  z_LSST  21.22720  0.04702
61264.39660  r_LSST  21.43563  0.01746
61248.20310  z_LSST  21.57247  0.07066
61248.17850  i_LSST  21.61116  0.05886
61241.38480  z_LSST  26.27611  4.22190
61238.39450  i_LSST  24.11760  0.37605
61231.30860  i_LSST  25.43301  1.30855
61226.43780  z_LSST  25.22536  1.88673
61226.31700  i_LSST  28.27259  19.77804
61226.29270  r_LSST  25.14649  0.96777
61224.32380  i_LSST  25.28061  1.94734
61215.32850  i_LSST  27.16162  7.76185
61172.41300  i_LSST  26.79599  4.21663
61144.39740  r_LSST  25.59211  1.39980
