# ================================
# SNID: 101431
# RA: 320.31500244140625
# DEC: -25.094757080078125
# ================================
NVAR: 4
VARNAMES: MJD FLT MAG MAGERR
61848.40780  i_LSST  23.52157  0.70722
61848.40470  i_LSST  23.94704  1.04650
61848.39850  i_LSST  23.55943  0.73231
61844.40490  i_LSST  24.99333  3.07692
61844.40180  i_LSST  25.49899  4.90209
61844.39880  i_LSST  25.92028  7.22601
61726.05250  z_LSST  24.64605  1.62038
61722.01620  z_LSST  26.03210  3.02027
61709.10760  i_LSST  25.28710  0.87839
61709.10440  i_LSST  28.17651  12.57350
61709.07950  r_LSST  26.39892  1.54846
61707.06460  r_LSST  26.45145  1.40424
61707.03940  u_LSST  26.20547  1.52815
61706.13340  r_LSST  27.95039  11.45356
61703.15290  u_LSST  26.31479  2.87327
61699.08730  i_LSST  26.53659  3.13771
61698.08220  g_LSST  26.12349  1.00785
61697.16180  z_LSST  23.91911  0.90882
61695.07430  z_LSST  24.62639  0.88896
61693.12670  z_LSST  25.03901  1.43400
61693.10250  i_LSST  25.78023  1.85260
61682.10860  r_LSST  25.41879  0.56302
61679.16000  z_LSST  24.74644  0.96981
61679.13830  i_LSST  29.86107  73.58601
61678.99650  z_LSST  26.42256  4.54088
61678.98570  i_LSST  25.04896  0.87488
61672.15530  r_LSST  27.43165  3.32832
61671.17290  r_LSST  24.61239  0.38584
61671.14900  g_LSST  26.08008  0.82692
61670.98500  z_LSST  24.65566  1.32044
61670.17590  i_LSST  24.66952  0.51249
61665.24700  z_LSST  25.44895  2.86670
61665.22300  i_LSST  24.80021  1.02796
61648.20080  i_LSST  23.96543  0.27156
61648.01750  i_LSST  23.97788  0.27469
61647.99380  r_LSST  24.79405  0.57392
61646.23180  g_LSST  26.53352  1.08487
61645.24230  z_LSST  24.35239  0.57239
61645.21780  i_LSST  23.82264  0.21136
61644.18610  i_LSST  23.93628  0.30432
61644.02430  i_LSST  23.96611  0.31280
61644.00060  r_LSST  25.35447  0.97951
61640.26110  z_LSST  23.57189  0.44865
61640.23670  i_LSST  23.42103  0.26412
61639.29580  z_LSST  24.14850  0.87368
61639.29530  z_LSST  23.52574  0.49232
61639.27190  i_LSST  23.36491  0.26246
61639.27140  i_LSST  23.79032  0.38835
61639.10420  i_LSST  23.25790  0.23783
61639.10370  i_LSST  23.91504  0.43563
61639.08030  r_LSST  24.67157  0.33260
61639.07990  r_LSST  24.38739  0.25601
61638.31330  r_LSST  24.67363  0.69197
61638.30210  r_LSST  24.28092  0.48195
61638.06550  i_LSST  23.33432  0.23450
61638.06370  i_LSST  23.96704  0.41998
61638.04170  r_LSST  24.20276  0.44848
61637.27360  z_LSST  23.91472  0.96579
61637.27320  z_LSST  23.65390  0.75954
61636.23200  z_LSST  23.32591  0.33967
61628.30380  z_LSST  23.40506  0.37945
61622.34950  u_LSST  24.87480  0.83982
61622.33450  u_LSST  25.83900  2.04109
61620.28970  z_LSST  23.89794  0.86670
61619.18220  r_LSST  23.81399  0.17328
61618.31100  i_LSST  23.68215  0.20831
61618.28530  r_LSST  23.80185  0.21530
61616.33810  r_LSST  24.01630  0.22016
61616.31420  i_LSST  23.83967  0.31637
61615.32450  i_LSST  24.03965  0.67534
61615.32400  i_LSST  24.16233  0.75613
61615.29890  r_LSST  24.39691  0.31104
61615.29840  r_LSST  24.17490  0.25352
61613.19970  i_LSST  23.88093  0.28497
61613.18510  i_LSST  23.86240  0.28015
61613.17550  r_LSST  24.66716  0.34567
61613.16110  r_LSST  24.48549  0.29241
61612.39100  z_LSST  23.97121  0.51709
61612.18740  i_LSST  23.74911  0.19879
61602.22750  z_LSST  23.32594  0.51250
61590.38610  r_LSST  27.09125  4.85444
61590.23450  i_LSST  25.57081  1.87800
61590.21020  r_LSST  25.19269  0.84472
61585.40300  i_LSST  24.56143  0.60881
61562.30580  r_LSST  24.72397  0.45531
61556.31570  r_LSST  25.50048  0.85879
61554.35660  z_LSST  24.56181  1.00859
61547.32170  z_LSST  25.02012  1.91543
61516.36080  z_LSST  25.35399  2.48253
61516.36030  z_LSST  23.91116  0.65730
61500.39490  r_LSST  25.70419  1.08418
61480.40430  z_LSST  23.71916  1.38089
61400.04150  i_LSST  24.63008  3.14253
61400.03870  i_LSST  25.15155  5.08002
61400.03850  i_LSST  23.82713  1.50002
61400.03570  i_LSST  27.05133  29.22655
61400.03540  i_LSST  23.18993  0.83410
61396.04060  z_LSST  23.55289  1.38590
61396.03790  z_LSST  25.65411  9.59881
61336.08560  z_LSST  27.53603  14.32476
61330.08290  z_LSST  29.08309  48.18470
61329.14240  i_LSST  26.67618  4.70085
61327.12020  g_LSST  26.64074  1.55592
61299.19160  g_LSST  26.59580  1.18210
61296.99210  z_LSST  24.08647  0.59343
61290.06910  i_LSST  26.21096  1.59566
61290.04390  r_LSST  26.98102  3.68742
61282.22000  z_LSST  24.59108  1.08529
61274.09880  r_LSST  27.63303  6.43186
61272.27860  i_LSST  25.79541  1.49150
61272.02200  i_LSST  26.41478  2.63860
61267.33060  r_LSST  26.11282  1.56441
61266.13330  i_LSST  27.19510  5.65614
61238.35500  z_LSST  24.14204  0.83268
61238.33100  i_LSST  26.25350  2.75678
61234.37730  r_LSST  26.05825  1.34266
61234.35310  g_LSST  25.71520  0.59690
61230.39800  z_LSST  25.38378  1.88500
61226.38610  z_LSST  23.39012  0.45706
61216.21890  z_LSST  25.37196  3.02963
61213.42790  i_LSST  25.81964  1.54138
61211.43410  r_LSST  25.33301  0.80481
61206.44410  z_LSST  25.40472  3.55254
61206.43240  i_LSST  24.91050  0.78352
61206.43150  i_LSST  32.56176  900.63820
61206.28090  g_LSST  25.97925  0.84589
61174.36830  r_LSST  24.67358  0.37061
