# ================================
# SNID: 101617
# RA: 311.4480895996094
# DEC: -27.95791244506836
# ================================
NVAR: 4
VARNAMES: MJD FLT MAG MAGERR
61756.03620  z_LSST  25.21420  6.96149
61722.01440  z_LSST  24.26219  0.76433
61711.01560  z_LSST  25.31949  1.18132
61710.04780  g_LSST  27.01758  1.71919
61709.01280  z_LSST  26.50320  3.76065
61709.00090  i_LSST  26.90732  4.73736
61707.04160  u_LSST  26.35823  1.89818
61706.04710  r_LSST  26.77016  2.62773
61706.02320  g_LSST  27.13014  1.61006
61700.08810  z_LSST  27.33364  11.48852
61700.06350  i_LSST  29.54083  42.63975
61698.07820  g_LSST  26.80458  1.40917
61695.07750  z_LSST  25.26417  1.75855
61694.05950  i_LSST  24.82349  0.82433
61693.07630  z_LSST  26.30721  3.89968
61693.07590  z_LSST  25.25215  1.47572
61682.12720  i_LSST  25.60800  1.03899
61682.10270  r_LSST  27.81356  5.60620
61679.13510  i_LSST  25.50527  1.10112
61679.11060  z_LSST  26.11126  3.70378
61674.15140  r_LSST  25.94933  1.05489
61673.17740  r_LSST  26.63985  1.56932
61673.15340  g_LSST  30.10973  29.88612
61672.17820  g_LSST  26.78934  1.57178
61672.15350  r_LSST  24.93521  0.40794
61671.14770  g_LSST  26.17579  0.94757
61670.14440  r_LSST  30.41250  51.74971
61655.22080  r_LSST  26.41348  1.29359
61652.20940  r_LSST  27.10100  3.60859
61652.18580  u_LSST  27.46662  5.63991
61646.25030  r_LSST  26.45001  1.83611
61640.24210  i_LSST  26.03141  3.19646
61639.26340  i_LSST  28.23612  22.57127
61638.30520  r_LSST  25.14004  1.13101
61638.07180  i_LSST  25.56914  1.53212
61637.27850  i_LSST  24.06214  0.78366
61637.25470  z_LSST  24.63469  2.06856
61636.24850  z_LSST  25.47633  2.63752
61618.30830  i_LSST  24.78090  0.85652
61618.28260  r_LSST  26.18999  2.03199
61616.32330  r_LSST  25.80841  1.47698
61616.29930  i_LSST  24.11881  0.69877
61613.17780  r_LSST  27.11002  3.26315
61612.09700  i_LSST  25.83984  2.07794
61601.18180  z_LSST  25.97067  7.46606
61601.15780  i_LSST  24.77640  2.14359
61595.18730  r_LSST  27.70385  6.79879
61590.39330  i_LSST  28.76097  48.97215
61590.21610  r_LSST  25.13955  0.79236
61584.24110  g_LSST  26.29936  0.80536
61583.40690  z_LSST  26.07959  3.89872
61583.38310  i_LSST  27.64407  7.00456
61583.21380  g_LSST  26.54930  2.12576
61581.18720  z_LSST  24.16621  0.89907
61562.30890  r_LSST  26.07164  1.57571
61558.19990  r_LSST  26.47494  3.09650
61557.42940  z_LSST  24.88169  1.49723
61556.29900  r_LSST  25.66524  1.07870
61555.43600  z_LSST  23.42654  0.52241
61547.32530  z_LSST  24.50680  1.01514
61547.32350  z_LSST  26.99870  10.07598
61546.31610  z_LSST  24.14030  0.75799
61539.34700  r_LSST  25.95403  0.91173
61518.37430  i_LSST  25.39316  1.89978
61511.42330  z_LSST  24.03794  0.76403
61500.39450  r_LSST  25.56575  0.81024
61472.39900  r_LSST  24.61736  1.58205
61472.39590  r_LSST  24.76050  1.80500
61472.39270  r_LSST  24.32288  1.20622
61472.39250  r_LSST  24.84958  1.95934
61339.04650  i_LSST  24.00006  0.46189
61339.04600  i_LSST  25.49447  1.82937
61339.02220  r_LSST  25.07093  0.87892
61336.10460  i_LSST  26.23511  3.74092
61336.08060  z_LSST  24.09690  0.56570
61330.07070  i_LSST  25.47863  1.07919
61329.07940  g_LSST  26.97240  3.32260
61327.14320  r_LSST  25.10139  0.65794
61316.13130  z_LSST  24.34700  1.12670
61316.10710  i_LSST  25.30714  1.06097
61313.09670  z_LSST  24.65272  1.00829
61299.21110  r_LSST  25.76114  1.08738
61299.18890  g_LSST  27.37376  2.78629
61299.18760  g_LSST  26.36435  1.09966
61296.99940  g_LSST  26.85207  1.99556
61291.21660  r_LSST  26.91631  1.96480
61283.07780  r_LSST  27.12600  4.21584
61283.05320  g_LSST  27.52823  3.47927
61282.21690  z_LSST  24.79343  1.19895
61272.27350  i_LSST  25.63453  1.33283
61272.02020  i_LSST  24.65392  0.54017
61271.99650  z_LSST  24.61534  1.01541
61271.12050  i_LSST  26.02853  1.23764
61271.09570  r_LSST  26.60282  1.80713
61257.15590  i_LSST  27.28321  7.18405
61257.13090  r_LSST  25.54340  0.74160
61238.35410  z_LSST  25.70358  3.82615
61234.17030  g_LSST  27.03467  3.27406
61231.18860  r_LSST  25.87358  2.51427
61230.36690  i_LSST  24.38040  0.53836
61230.34290  r_LSST  25.95657  1.78288
61226.36310  z_LSST  25.83911  3.12608
61226.33870  i_LSST  24.51835  0.68049
61216.21260  z_LSST  24.12709  0.90763
61215.25960  r_LSST  24.74143  0.44757
61215.23570  i_LSST  24.27853  0.34464
61213.37910  i_LSST  24.90040  0.52674
61212.37860  z_LSST  23.52911  0.39204
61210.23080  z_LSST  23.62597  0.30454
61206.41430  i_LSST  24.11755  0.34157
61206.40310  r_LSST  26.30902  1.78269
61206.30280  r_LSST  25.15318  0.61480
61206.27860  g_LSST  29.72647  25.73509
61183.32760  z_LSST  23.21705  0.19529
61183.30340  i_LSST  24.46943  0.49697
61181.35360  i_LSST  23.88154  0.19788
61181.35070  i_LSST  23.83674  0.18988
61181.32930  r_LSST  24.89494  0.35888
61181.32650  r_LSST  24.37209  0.22172
61108.40300  r_LSST  24.13163  1.43258
61108.39990  r_LSST  25.08301  3.44088
61028.03630  z_LSST  22.15230  0.53725
61024.03570  i_LSST  24.55926  1.88923
61024.03260  i_LSST  24.92199  2.63863
60996.02950  r_LSST  26.23574  2.27192
60970.07230  r_LSST  28.06495  7.51074
60957.08820  r_LSST  25.93408  1.45713
60956.12860  r_LSST  25.23569  1.01362
60953.13500  z_LSST  23.78947  0.63781
60953.11110  i_LSST  24.56895  0.69198
60937.16910  z_LSST  24.82010  0.95902
60935.15650  i_LSST  28.21938  14.16853
60926.20090  z_LSST  25.83833  4.54578
60926.17670  i_LSST  24.92923  1.36746
60916.17690  z_LSST  24.74525  0.81263
60912.24920  z_LSST  24.90501  1.74593
60912.01990  z_LSST  25.12602  2.14009
60909.11780  r_LSST  28.91838  17.65159
60909.09390  u_LSST  26.07209  2.06679
60906.22640  u_LSST  24.87173  0.88206
60906.01780  r_LSST  26.12920  1.86594
60905.01800  r_LSST  25.28069  0.78763
60901.25160  z_LSST  25.08254  1.45158
60886.33000  z_LSST  24.89959  1.70390
60884.14990  u_LSST  25.59293  1.24870
60883.31400  i_LSST  25.85313  1.85110
60883.28990  r_LSST  26.33518  1.85174
60882.31620  r_LSST  25.67581  0.87157
60882.29570  g_LSST  27.72596  4.58400
60879.33250  r_LSST  25.78313  1.58553
60873.17330  g_LSST  26.02501  0.70011
60872.15110  g_LSST  25.89836  1.98181
60857.37020  z_LSST  27.72690  15.38180
60855.22550  i_LSST  28.32036  10.31928
60855.20060  r_LSST  28.23608  8.74367
60845.39870  i_LSST  27.06033  4.34570
60843.41240  i_LSST  25.38356  1.30312
60843.38160  z_LSST  25.41125  1.91195
60833.40170  z_LSST  24.64271  0.74718
