# ================================
# SNID: 102506
# RA: 24.300357818603516
# DEC: -27.621402740478516
# ================================
NVAR: 4
VARNAMES: MJD FLT MAG MAGERR
61836.01680  i_LSST  27.17406  19.77123
61832.01680  i_LSST  26.73126  15.58240
61787.03980  i_LSST  25.57641  2.28968
61787.03930  i_LSST  25.27157  1.72917
61785.05330  z_LSST  26.78031  4.57387
61776.10910  i_LSST  26.00679  2.05650
61772.05600  z_LSST  27.98977  21.02515
61771.04890  z_LSST  26.31922  3.67030
61771.03530  i_LSST  25.68641  1.76010
61755.12820  r_LSST  26.14941  2.04157
61755.12510  g_LSST  27.27992  3.84229
61755.10250  g_LSST  25.76874  0.95525
61748.12940  z_LSST  26.28553  3.53053
61747.11370  i_LSST  25.53321  1.19127
61742.22020  r_LSST  26.77041  2.51514
61742.19880  u_LSST  24.52074  0.55180
61742.19680  u_LSST  25.62101  1.52016
61740.15310  u_LSST  25.15012  0.57220
61738.18320  i_LSST  24.68788  0.43544
61738.15890  r_LSST  25.88012  0.80319
61737.17210  i_LSST  24.57968  0.49895
61736.17350  r_LSST  26.27854  2.22489
61735.17530  u_LSST  24.80047  0.42786
61726.19190  z_LSST  25.86013  4.94637
61726.16790  i_LSST  25.04288  0.83333
61717.04820  r_LSST  25.59665  1.41623
61714.23630  i_LSST  25.66195  1.11962
61714.06650  r_LSST  26.64558  1.98002
61711.08840  g_LSST  26.77139  1.06864
61708.09190  z_LSST  24.81456  0.71592
61708.06740  i_LSST  26.55926  2.91933
61704.20550  g_LSST  27.13344  2.39079
61704.02360  r_LSST  25.11052  0.69299
61704.02310  r_LSST  25.96185  1.51794
61701.25050  i_LSST  25.50488  1.33349
61698.28780  r_LSST  29.03628  21.37702
61697.12530  g_LSST  25.11354  0.70944
61697.10450  g_LSST  26.03453  1.65696
61688.04890  i_LSST  24.79259  0.76732
61688.02510  z_LSST  23.89637  0.73726
61687.28310  i_LSST  27.06428  3.24371
61681.32800  i_LSST  25.01503  0.64471
61681.30420  r_LSST  25.65377  0.62269
61679.28500  i_LSST  25.82535  1.30171
61673.35310  g_LSST  27.89603  2.90110
61671.34330  r_LSST  24.80619  0.52601
61671.31900  g_LSST  25.14328  0.43917
61669.36600  i_LSST  26.79339  3.43263
61669.34210  r_LSST  27.44543  3.64126
61668.36070  i_LSST  27.16819  6.59369
61667.36140  z_LSST  24.43662  0.75563
61654.38970  i_LSST  26.14932  1.51085
61650.23540  g_LSST  27.02941  1.79831
61650.23490  g_LSST  29.71695  21.37372
61649.22410  i_LSST  25.53753  1.08542
61645.39140  r_LSST  25.57707  0.62690
61640.27960  r_LSST  24.60875  0.55607
61639.41400  z_LSST  25.17266  2.48907
61637.42480  z_LSST  23.90841  0.83554
61633.31250  z_LSST  25.32590  1.98217
61631.27820  i_LSST  27.11767  5.62341
61622.26250  i_LSST  26.04511  2.66525
61621.33370  r_LSST  26.10943  1.49374
61552.41170  z_LSST  23.31504  0.44021
61476.00990  i_LSST  22.97587  0.89915
61476.00970  i_LSST  24.03028  2.37465
61476.00070  i_LSST  24.93615  5.46950
61472.01760  z_LSST  22.83992  0.70107
61472.01540  z_LSST  24.00302  2.04645
61472.01230  z_LSST  22.99684  0.81009
61472.01140  z_LSST  23.77296  1.65569
61414.08050  g_LSST  25.10285  0.50116
61405.07320  z_LSST  26.92913  8.43121
61387.13390  r_LSST  24.89127  0.40835
61387.12890  r_LSST  25.54230  0.74378
61387.10990  g_LSST  27.95092  4.84604
61386.12420  z_LSST  26.24051  3.19570
61386.10500  i_LSST  24.88681  0.46668
61383.12500  i_LSST  25.33800  0.75010
61383.09950  r_LSST  26.03221  0.93468
61376.16630  i_LSST  24.50354  0.34909
61376.14180  r_LSST  25.80371  0.74384
61374.15510  i_LSST  25.11898  0.74347
61370.21420  i_LSST  25.48585  1.23999
61370.19020  r_LSST  25.61958  1.00706
61369.16320  z_LSST  23.58745  0.35235
61369.13910  i_LSST  25.07915  0.93030
61362.18180  z_LSST  23.71374  0.60266
61356.26210  i_LSST  25.39433  1.09976
61356.23720  r_LSST  25.57466  0.76815
61346.23270  r_LSST  24.68996  0.36373
61346.20870  g_LSST  25.60403  0.48667
61334.13710  i_LSST  24.66249  0.47178
61334.11290  r_LSST  24.62343  0.45508
61332.14740  g_LSST  26.28021  0.87410
61332.12270  r_LSST  24.72617  0.30754
61328.25430  i_LSST  25.08010  1.18547
61328.04610  i_LSST  25.03753  1.13989
61328.02240  z_LSST  25.02668  2.44917
61316.33150  i_LSST  25.23880  0.93097
61316.30730  r_LSST  24.90369  0.48337
61315.15460  i_LSST  24.58585  0.39677
61303.19590  i_LSST  23.96148  0.20023
61297.23820  g_LSST  25.35285  0.36454
61295.20590  z_LSST  23.73059  0.36207
61295.18190  i_LSST  23.90393  0.23851
61294.23630  z_LSST  23.64144  0.34543
61293.39630  i_LSST  23.90011  0.25744
61293.38500  r_LSST  26.38606  1.47614
61289.40210  i_LSST  23.95017  0.23867
61289.39210  r_LSST  24.38697  0.25709
61289.36760  g_LSST  24.97655  0.29736
61288.37410  i_LSST  23.88605  0.29297
61284.37290  z_LSST  23.26911  0.30406
61284.37240  z_LSST  23.36212  0.33125
61277.28190  i_LSST  23.59140  0.17884
61277.27460  r_LSST  24.28237  0.34842
61277.25780  r_LSST  24.68695  0.50574
61275.41500  r_LSST  24.14325  0.19631
61273.28070  z_LSST  23.82568  0.36406
61273.25650  i_LSST  23.42722  0.18215
61272.31090  r_LSST  23.98127  0.12848
61272.28620  i_LSST  23.87533  0.26650
61239.39850  i_LSST  23.32680  0.16138
61239.37340  r_LSST  24.09689  0.29985
61233.39240  i_LSST  23.00980  0.11880
61233.37430  r_LSST  23.65990  0.17214
61224.36180  z_LSST  22.40363  0.16102
61224.36140  z_LSST  22.67512  0.20677
61222.41720  z_LSST  22.35923  0.10526
