# ================================
# SNID: 102579
# RA: 64.326416015625
# DEC: -46.864498138427734
# ================================
NVAR: 4
VARNAMES: MJD FLT MAG MAGERR
61843.06710  z_LSST  25.21416  2.47966
61843.06540  z_LSST  24.76868  1.64513
61843.06460  z_LSST  24.80908  1.70749
61843.06420  z_LSST  25.10439  2.24120
61843.06330  z_LSST  24.36443  1.13370
61843.06250  z_LSST  23.63249  0.57773
61843.04680  r_LSST  25.71841  2.25241
61843.04590  r_LSST  25.65385  2.12239
61843.04550  r_LSST  25.39045  1.66519
61843.04510  r_LSST  24.45019  0.70042
61843.04430  r_LSST  24.74993  0.92311
61843.04300  r_LSST  25.49202  1.82849
61843.03700  i_LSST  24.07829  0.43970
61843.03620  i_LSST  24.64856  0.74348
61843.03580  i_LSST  26.98847  6.41555
61843.03540  i_LSST  25.40263  1.48900
61843.03500  i_LSST  26.08328  2.78712
61843.03410  i_LSST  25.15008  1.17998
61843.02730  g_LSST  25.85916  1.38083
61843.02650  g_LSST  25.47514  0.96946
61832.06690  z_LSST  24.49028  0.92215
61832.06650  z_LSST  26.60279  6.45368
61832.06570  z_LSST  24.06774  0.62487
61832.06440  z_LSST  25.00356  1.47950
61832.06400  z_LSST  24.83626  1.26821
61832.06320  z_LSST  23.82599  0.50013
61832.06230  z_LSST  24.66215  1.08032
61832.05480  u_LSST  24.46548  0.50169
61832.05440  u_LSST  24.19358  0.39055
61832.05060  r_LSST  29.06767  23.77950
61832.04940  r_LSST  25.40843  0.81754
61832.04810  r_LSST  29.49659  35.29977
61832.04730  r_LSST  25.31502  0.75014
61832.04130  i_LSST  28.25254  16.69541
61832.04090  i_LSST  25.58336  1.42864
61832.04050  i_LSST  25.02921  0.85757
61832.04010  i_LSST  24.75819  0.66812
61832.03970  i_LSST  26.28114  2.71668
61832.03880  i_LSST  25.25100  1.05192
61832.03840  i_LSST  25.60216  1.45360
61832.03760  i_LSST  25.33467  1.13619
61832.03120  g_LSST  25.37235  0.47649
61832.03030  g_LSST  26.69890  1.61687
61832.02990  g_LSST  25.47449  0.52350
61824.07390  z_LSST  29.18982  62.59149
61824.07350  z_LSST  26.91071  7.67134
61824.07270  z_LSST  24.65024  0.95649
61824.07230  z_LSST  29.22401  64.59374
61824.07100  z_LSST  27.19852  9.99989
61824.07060  z_LSST  25.89484  3.00970
61824.06930  z_LSST  24.30314  0.69477
61824.06250  u_LSST  24.80360  0.56619
61824.06220  u_LSST  25.09121  0.73792
61824.06180  u_LSST  24.25501  0.34161
61824.06140  u_LSST  24.98349  0.66822
61824.05760  r_LSST  25.62387  0.61116
61824.05720  r_LSST  27.00106  2.17286
61824.05680  r_LSST  27.92418  5.08487
61824.05470  r_LSST  27.13889  2.46697
61824.04750  i_LSST  25.00971  0.52404
61824.04710  i_LSST  28.46492  12.63123
61824.04670  i_LSST  25.46831  0.79947
61824.04580  i_LSST  25.18601  0.61642
61824.04540  i_LSST  25.50670  0.82824
61824.04460  i_LSST  26.87228  2.91333
61824.03860  g_LSST  25.60433  0.38534
61824.03820  g_LSST  25.90168  0.50673
61824.03730  g_LSST  27.45615  2.12114
61824.03690  g_LSST  31.60306  96.67936
61817.10860  z_LSST  24.20333  0.52248
61817.10820  z_LSST  24.40787  0.63079
61817.10770  z_LSST  24.61139  0.76085
61817.10730  z_LSST  24.34628  0.59601
61817.10650  z_LSST  24.93696  1.02689
61817.10570  z_LSST  24.56365  0.72812
61817.10520  z_LSST  25.89640  2.48487
61817.10400  z_LSST  24.65046  0.78873
61817.08830  r_LSST  25.39685  0.68296
61817.08790  r_LSST  27.57513  5.07818
61817.08620  r_LSST  28.32091  10.09300
61817.08540  r_LSST  26.97719  2.92771
61817.08490  r_LSST  26.60705  2.08198
61817.07770  i_LSST  24.80537  0.56332
61817.07600  i_LSST  25.51384  1.08180
61817.07560  i_LSST  25.55244  1.12094
61817.07520  i_LSST  27.49266  6.69381
61817.07480  i_LSST  27.21156  5.16695
61817.06880  g_LSST  25.63062  0.52031
61817.06840  g_LSST  26.84824  1.59701
61817.06800  g_LSST  25.86533  0.64587
61817.06760  g_LSST  26.27304  0.94022
61817.06710  g_LSST  25.65853  0.53386
61813.14330  z_LSST  24.26346  0.88132
61813.14160  z_LSST  25.30008  2.28972
61813.14120  z_LSST  25.26395  2.21478
61813.14030  z_LSST  24.55319  1.15087
61813.13950  z_LSST  24.80551  1.45196
61813.12300  r_LSST  24.91737  0.91768
61813.12130  r_LSST  25.91833  2.30715
61813.11960  r_LSST  25.48596  1.54928
61813.11320  i_LSST  26.10909  2.89432
61813.11240  i_LSST  25.05957  1.10088
61813.11200  i_LSST  24.47268  0.64118
61813.11160  i_LSST  24.86238  0.91804
61813.11110  i_LSST  26.12463  2.93603
61813.11070  i_LSST  24.93162  0.97850
61813.10990  i_LSST  25.49002  1.63650
61813.10350  g_LSST  25.48799  1.16912
61813.10270  g_LSST  27.30048  6.20663
61813.10180  g_LSST  27.86021  10.39315
61795.09620  z_LSST  25.80076  1.92351
61795.09580  z_LSST  24.79240  0.75989
61795.09530  z_LSST  25.52604  1.49349
61795.09450  z_LSST  24.26130  0.46592
61795.09330  z_LSST  25.71444  1.77650
61795.09280  z_LSST  25.15682  1.06296
61795.09240  z_LSST  24.68021  0.68529
61795.08520  u_LSST  24.28818  0.24452
61795.08480  u_LSST  24.32176  0.25220
61795.08440  u_LSST  25.04230  0.48973
61795.08410  u_LSST  24.90783  0.43269
61795.08070  r_LSST  27.40624  3.19584
61795.08030  r_LSST  26.25938  1.11133
61795.07820  r_LSST  26.41261  1.27977
61795.07780  r_LSST  25.73476  0.68548
61795.07700  r_LSST  25.40371  0.50533
61795.07100  i_LSST  26.38428  2.08398
61795.07020  i_LSST  27.77482  7.50085
61795.06850  i_LSST  24.42856  0.34404
61795.06770  i_LSST  25.69630  1.10587
61795.06720  i_LSST  26.29802  1.92481
61795.06130  g_LSST  25.72531  0.44081
61795.06080  g_LSST  30.46176  34.58017
61795.06000  g_LSST  26.14799  0.65061
61795.05960  g_LSST  25.98356  0.55918
61788.10200  z_LSST  25.94565  2.41546
61788.10160  z_LSST  24.71436  0.77711
61788.10120  z_LSST  25.15090  1.16171
61788.09990  z_LSST  26.65542  4.64415
61788.09870  z_LSST  25.75156  2.02005
61788.09820  z_LSST  25.36601  1.41626
61788.09780  z_LSST  24.89769  0.92006
61788.09740  z_LSST  24.24175  0.50285
61788.08170  r_LSST  25.34783  0.49339
61788.08120  r_LSST  25.65275  0.65336
61788.08080  r_LSST  27.61198  3.97055
61788.08040  r_LSST  26.84210  1.95388
61788.07960  r_LSST  25.74907  0.71398
61788.07870  r_LSST  26.36536  1.25951
61788.07830  r_LSST  26.97953  2.21753
61788.07790  r_LSST  25.47087  0.55259
61788.07190  i_LSST  25.13264  0.62741
61788.07070  i_LSST  24.98220  0.54623
61788.06980  i_LSST  27.50895  5.59850
61788.06900  i_LSST  31.09494  152.21942
61788.06220  g_LSST  26.03471  0.66947
61788.06180  g_LSST  27.43710  2.43605
61788.06140  g_LSST  25.88613  0.58385
61788.06090  g_LSST  26.49443  1.02240
61788.06050  g_LSST  26.28963  0.84664
61780.10420  z_LSST  24.48123  0.70507
61780.10340  z_LSST  28.62116  31.93051
61780.10300  z_LSST  26.39181  4.09702
61780.10260  z_LSST  25.88699  2.57359
61780.10210  z_LSST  24.87611  1.01435
61780.10170  z_LSST  25.71608  2.19874
61780.10090  z_LSST  25.14527  1.29972
61780.10050  z_LSST  26.17057  3.34174
61780.10010  z_LSST  24.25881  0.57447
61780.08390  r_LSST  26.87206  3.83885
61780.08340  r_LSST  26.32793  2.32568
61780.08300  r_LSST  26.92405  4.02715
61780.08260  r_LSST  24.98715  0.67645
61780.08220  r_LSST  25.37265  0.96480
61780.08180  r_LSST  25.25567  0.86625
61780.08140  r_LSST  24.65672  0.49896
61780.08050  r_LSST  25.49510  1.07998
61780.08010  r_LSST  24.53184  0.44475
61780.07410  i_LSST  24.47121  0.48382
61780.07370  i_LSST  26.91795  4.60664
61780.07330  i_LSST  25.43829  1.17902
61780.07290  i_LSST  27.27730  6.41393
61780.07250  i_LSST  25.39651  1.13451
61780.07080  i_LSST  25.30927  1.04691
61780.06440  g_LSST  26.64446  3.40992
61780.06400  g_LSST  26.20620  2.27738
61774.22180  z_LSST  25.39379  1.77863
61774.22140  z_LSST  24.93504  1.16569
61774.22060  z_LSST  25.92088  2.89015
61774.22020  z_LSST  31.32856  420.71975
61774.21930  z_LSST  27.67462  14.53502
61774.21890  z_LSST  24.62360  0.87500
61774.21810  z_LSST  25.17821  1.45831
61774.21770  z_LSST  25.24458  1.55025
61774.13500  r_LSST  26.97647  2.10385
61774.13450  r_LSST  26.99242  2.13498
61774.13370  r_LSST  26.39471  1.23115
61774.13330  r_LSST  26.70339  1.63600
61774.13290  r_LSST  26.51272  1.37251
61774.13200  r_LSST  26.17079  1.00171
61774.13120  r_LSST  29.48786  21.26039
61774.12520  i_LSST  28.20447  9.73105
61774.12440  i_LSST  27.17349  3.76504
61774.12400  i_LSST  26.29045  1.66938
61774.12230  i_LSST  24.99926  0.50825
61774.11550  g_LSST  25.92460  0.59020
61774.11510  g_LSST  25.44188  0.37836
61774.11470  g_LSST  26.68514  1.18908
61774.11420  g_LSST  26.48177  0.98597
61774.11380  g_LSST  25.88714  0.57018
61769.14960  i_LSST  24.79125  0.48370
61766.13330  z_LSST  24.78126  0.77273
61766.13250  z_LSST  25.94961  2.26656
61766.13210  z_LSST  27.22300  7.32358
61766.13160  z_LSST  27.69654  11.32764
61766.13080  z_LSST  25.57034  1.59831
61766.13040  z_LSST  25.75004  1.88599
61766.12960  z_LSST  24.50456  0.59890
61766.12910  z_LSST  24.58662  0.64591
61766.12870  z_LSST  25.41505  1.38530
61766.12190  u_LSST  24.45916  0.33055
61766.12150  u_LSST  24.40973  0.31583
61766.12110  u_LSST  24.41366  0.31698
61766.12080  u_LSST  25.05358  0.57148
61766.11700  r_LSST  25.81615  0.78174
61766.11660  r_LSST  25.92861  0.86706
61766.11490  r_LSST  26.24194  1.15713
61766.11410  r_LSST  28.36007  8.14018
61766.10770  i_LSST  27.46366  4.63137
61766.10680  i_LSST  25.74657  0.95252
61766.10640  i_LSST  25.40700  0.69670
61766.10600  i_LSST  25.45653  0.72922
61766.10560  i_LSST  25.39149  0.68682
61766.10520  i_LSST  25.66909  0.88691
61766.10470  i_LSST  25.79829  0.99899
61766.10430  i_LSST  27.31966  4.05610
61766.10390  i_LSST  26.31731  1.61127
61766.09790  g_LSST  25.87136  0.53380
61766.09750  g_LSST  26.93327  1.41953
61766.09710  g_LSST  26.38060  0.85324
61766.09660  g_LSST  26.90662  1.38510
61766.09620  g_LSST  26.39923  0.86801
61759.24240  z_LSST  26.59870  5.23974
61759.24110  z_LSST  25.56467  2.02161
61759.24030  z_LSST  24.22888  0.59072
61759.23990  z_LSST  26.27353  3.88366
61759.23900  z_LSST  24.55290  0.79614
61759.23860  z_LSST  23.85966  0.42043
61759.22210  r_LSST  26.62385  1.68567
61759.22160  r_LSST  26.27236  1.21948
61759.22120  r_LSST  26.73548  1.86819
61759.22040  r_LSST  25.53699  0.61948
61759.22000  r_LSST  25.55556  0.63017
61759.21910  r_LSST  26.40388  1.37652
61759.21870  r_LSST  25.51408  0.60654
61759.21230  i_LSST  25.31677  0.73883
61759.21150  i_LSST  25.08431  0.59644
61759.21070  i_LSST  25.33671  0.75253
61759.21020  i_LSST  25.56258  0.92656
61759.20980  i_LSST  25.03307  0.56894
61759.20940  i_LSST  24.98223  0.54292
61759.20900  i_LSST  26.27957  1.79337
61759.20860  i_LSST  25.64781  1.00222
61759.20260  g_LSST  25.98482  0.65203
61759.20220  g_LSST  25.74452  0.52258
61759.20180  g_LSST  25.76057  0.53036
61759.20130  g_LSST  26.59148  1.14007
61759.20090  g_LSST  25.06643  0.27984
61754.24310  z_LSST  25.46978  1.77155
61754.24230  z_LSST  24.22507  0.56295
61754.24190  z_LSST  24.90149  1.04962
61754.24150  z_LSST  29.74560  90.92381
61754.24110  z_LSST  24.25672  0.57960
61754.24060  z_LSST  24.81199  0.96658
61754.24020  z_LSST  26.02900  2.96511
61754.23980  z_LSST  24.56123  0.76724
61754.23940  z_LSST  25.55327  1.91314
61754.22280  r_LSST  26.41170  2.70102
61754.22240  r_LSST  25.14298  0.83954
61754.22160  r_LSST  26.10823  2.04241
61754.22120  r_LSST  27.75768  9.33082
61754.22070  r_LSST  26.31934  2.48077
61754.22030  r_LSST  25.05023  0.77080
61754.21350  i_LSST  26.18079  2.24293
61754.21310  i_LSST  24.86984  0.67056
61754.21270  i_LSST  24.60883  0.52727
61754.21140  i_LSST  25.33601  1.03016
61754.21060  i_LSST  25.68644  1.42258
61754.21020  i_LSST  24.73061  0.58985
61754.20980  i_LSST  25.34311  1.03692
61754.20380  g_LSST  27.70728  7.96618
61754.20290  g_LSST  26.10143  1.81515
61754.20250  g_LSST  26.29638  2.17217
61754.20210  g_LSST  26.96130  4.00739
61744.23160  z_LSST  24.64780  0.66189
61744.23110  z_LSST  23.89995  0.33239
61744.23070  z_LSST  24.91154  0.84388
61744.23030  z_LSST  25.78847  1.89256
61744.22990  z_LSST  24.53969  0.59915
61744.22950  z_LSST  24.35864  0.50713
61744.22900  z_LSST  25.19711  1.09776
61744.22860  z_LSST  24.76533  0.73756
61744.22820  z_LSST  24.55864  0.60970
61744.22780  z_LSST  25.77894  1.87602
61744.22740  z_LSST  24.56438  0.61294
61744.22700  z_LSST  25.82201  1.95194
61744.21120  r_LSST  26.65892  1.45564
61744.21080  r_LSST  25.04295  0.32860
61744.21040  r_LSST  26.89730  1.81303
61744.21000  r_LSST  27.86539  4.42225
61744.20950  r_LSST  25.88029  0.71056
61744.20910  r_LSST  26.08102  0.85486
61744.20870  r_LSST  25.20973  0.38316
61744.20830  r_LSST  25.63780  0.56833
61744.20790  r_LSST  25.64445  0.57183
61744.20750  r_LSST  26.19106  0.94604
61744.20150  i_LSST  25.73627  0.92149
61744.20110  i_LSST  24.81178  0.39327
61744.20060  i_LSST  25.20521  0.56502
61744.20020  i_LSST  25.03818  0.48446
61744.19980  i_LSST  24.31216  0.24822
61744.19940  i_LSST  25.18818  0.55623
61744.19900  i_LSST  25.02454  0.47841
61744.19860  i_LSST  26.17130  1.37563
61744.19810  i_LSST  24.91088  0.43086
61744.19770  i_LSST  24.72035  0.36151
61744.19130  g_LSST  26.34893  0.72392
61744.19090  g_LSST  26.58445  0.89930
61744.19050  g_LSST  25.79801  0.43584
61744.19010  g_LSST  26.35773  0.72982
61740.22900  z_LSST  24.73047  0.70598
61740.20400  i_LSST  24.79800  0.51442
61737.21620  z_LSST  23.75745  0.33043
61737.21580  z_LSST  24.96624  1.00598
61737.21540  z_LSST  23.70667  0.31533
61737.21490  z_LSST  24.48908  0.64823
61737.21450  z_LSST  24.14524  0.47227
61737.21410  z_LSST  26.15803  3.01514
61737.21370  z_LSST  23.81685  0.34901
61737.21330  z_LSST  24.49139  0.64960
61737.21290  z_LSST  24.11743  0.46033
61737.21240  z_LSST  25.22512  1.27686
61737.21200  z_LSST  24.23865  0.51470
61737.21160  z_LSST  23.92328  0.38495
61737.20480  u_LSST  26.98338  3.28078
61737.20440  u_LSST  24.96662  0.51200
61737.20400  u_LSST  25.12268  0.59115
61737.20360  u_LSST  24.76985  0.42714
61737.20030  r_LSST  25.59128  0.60481
61737.19990  r_LSST  24.75321  0.27951
61737.19950  r_LSST  25.20261  0.42282
61737.19900  r_LSST  25.46388  0.53785
61737.19860  r_LSST  25.65008  0.63847
61737.19820  r_LSST  25.56344  0.58950
61737.19780  r_LSST  25.02306  0.35837
61737.19740  r_LSST  25.31169  0.46750
61737.19700  r_LSST  25.51477  0.56366
61737.19650  r_LSST  25.08997  0.38115
61737.19060  i_LSST  25.00062  0.65347
61737.19010  i_LSST  24.70874  0.49943
61737.18970  i_LSST  24.89299  0.59179
61737.18930  i_LSST  24.50878  0.41542
61737.18890  i_LSST  24.65403  0.47488
61737.18850  i_LSST  24.26250  0.33111
61737.18810  i_LSST  24.91822  0.60571
61737.18760  i_LSST  25.82823  1.40045
61737.18720  i_LSST  24.84790  0.56772
61737.18680  i_LSST  27.34192  5.64607
61737.18080  g_LSST  26.08043  0.80306
61737.18000  g_LSST  26.17110  0.87301
61737.17960  g_LSST  25.38216  0.42213
61735.23560  i_LSST  24.66414  0.40266
61735.21140  r_LSST  26.46068  1.64182
61729.32190  z_LSST  24.31472  0.46968
61729.32150  z_LSST  23.77602  0.28597
61729.32110  z_LSST  24.02316  0.35906
61729.32070  z_LSST  23.82448  0.29902
61729.32030  z_LSST  23.38861  0.20015
61729.31990  z_LSST  23.72763  0.27350
61729.31940  z_LSST  24.82893  0.75419
61729.31900  z_LSST  23.84389  0.30441
61729.31860  z_LSST  23.65312  0.25536
61729.31820  z_LSST  24.07814  0.37771
61729.31780  z_LSST  23.85746  0.30824
61729.31740  z_LSST  24.29930  0.46305
61729.30160  r_LSST  24.86228  0.43892
61729.30120  r_LSST  25.36969  0.70040
61729.30080  r_LSST  24.64384  0.35893
61729.30040  r_LSST  24.68780  0.37376
61729.30000  r_LSST  24.96289  0.48153
61729.29950  r_LSST  26.54690  2.07125
61729.29910  r_LSST  25.72450  0.97112
61729.29870  r_LSST  25.59120  0.85892
61729.29830  r_LSST  24.49305  0.31239
61729.29790  r_LSST  25.75615  0.99984
61729.29190  i_LSST  24.19391  0.28769
61729.29150  i_LSST  24.38219  0.34217
61729.29110  i_LSST  23.72071  0.18606
61729.29070  i_LSST  23.76221  0.19331
61729.29020  i_LSST  23.91021  0.22154
61729.28980  i_LSST  24.41407  0.35236
61729.28940  i_LSST  23.86052  0.21163
61729.28900  i_LSST  23.83902  0.20748
61729.28860  i_LSST  24.05117  0.25225
61729.28820  i_LSST  24.27367  0.30962
61729.28220  g_LSST  25.21286  0.50441
61729.28130  g_LSST  24.70621  0.31632
61729.28090  g_LSST  26.91371  2.41614
61729.28050  g_LSST  26.73918  2.05736
61725.14110  z_LSST  23.47701  0.37895
61725.14060  z_LSST  24.66640  1.13329
61725.14020  z_LSST  24.09672  0.67061
61725.13980  z_LSST  24.57251  1.03941
61725.13940  z_LSST  24.19675  0.73533
61725.13900  z_LSST  23.23199  0.30240
61725.13850  z_LSST  24.44854  0.92725
61725.13810  z_LSST  24.01167  0.62008
61725.13770  z_LSST  23.48593  0.38208
61725.13730  z_LSST  23.86833  0.54339
61725.13690  z_LSST  23.61412  0.42996
61725.13650  z_LSST  23.52482  0.39601
61725.12070  r_LSST  25.35571  1.21417
61725.12030  r_LSST  23.91468  0.32201
61725.11990  r_LSST  24.75641  0.69914
61725.11950  r_LSST  24.06456  0.36967
61725.11910  r_LSST  24.10928  0.38522
61725.11860  r_LSST  23.89575  0.31644
61725.11820  r_LSST  24.64057  0.62838
61725.11780  r_LSST  24.57034  0.58902
61725.11740  r_LSST  25.34476  1.20199
61725.11700  r_LSST  23.86891  0.30872
61725.11100  i_LSST  23.71047  0.28028
61725.11060  i_LSST  23.58758  0.25028
61725.11020  i_LSST  24.62166  0.64873
61725.10980  i_LSST  24.29238  0.47901
61725.10930  i_LSST  24.56465  0.61554
61725.10890  i_LSST  23.77967  0.29872
61725.10850  i_LSST  23.85630  0.32057
61725.10810  i_LSST  23.56748  0.24569
61725.10770  i_LSST  23.66454  0.26867
61725.10730  i_LSST  23.28753  0.18985
61725.10130  g_LSST  26.95254  4.44955
61725.10090  g_LSST  25.24803  0.92580
61725.10040  g_LSST  25.53948  1.21085
61725.10000  g_LSST  25.45847  1.12380
61725.09960  g_LSST  25.05405  0.77432
61715.28290  z_LSST  23.91803  0.45060
61715.28250  z_LSST  23.59001  0.33311
61715.28210  z_LSST  24.43573  0.72590
61715.28170  z_LSST  24.07076  0.51866
61715.28120  z_LSST  23.77209  0.39393
61715.28080  z_LSST  24.15143  0.55867
61715.28040  z_LSST  24.14923  0.55754
61715.28000  z_LSST  23.62161  0.34294
61715.27960  z_LSST  24.28574  0.63223
61715.27920  z_LSST  23.31108  0.25764
61715.27870  z_LSST  23.57268  0.32783
61715.27830  z_LSST  23.65931  0.35506
61715.26260  r_LSST  23.83500  0.17490
61715.26210  r_LSST  24.08029  0.21924
61715.26170  r_LSST  24.09742  0.22272
61715.26130  r_LSST  24.11034  0.22539
61715.26090  r_LSST  24.13029  0.22957
61715.26050  r_LSST  23.71465  0.15655
61715.26010  r_LSST  24.21276  0.24769
61715.25960  r_LSST  24.30914  0.27068
61715.25920  r_LSST  24.02867  0.20906
61715.25880  r_LSST  23.87167  0.18091
61715.25280  i_LSST  23.26562  0.12934
61715.25240  i_LSST  23.49479  0.15974
61715.25200  i_LSST  23.47888  0.15741
61715.25160  i_LSST  23.44797  0.15299
61715.25120  i_LSST  23.41586  0.14854
61715.25070  i_LSST  23.08890  0.10991
61715.25030  i_LSST  23.40976  0.14771
61715.24990  i_LSST  23.42573  0.14989
61715.24950  i_LSST  23.33544  0.13793
61715.24910  i_LSST  23.34883  0.13964
61715.24310  g_LSST  25.35425  0.44997
61715.24270  g_LSST  26.09930  0.89373
61715.24230  g_LSST  25.67370  0.60390
61714.29130  r_LSST  23.93986  0.10574
61714.26680  g_LSST  25.47223  0.27755
61712.28280  r_LSST  23.81316  0.10554
61712.28230  r_LSST  24.12711  0.14093
61707.29980  z_LSST  23.75835  0.29211
61707.29940  z_LSST  24.33106  0.49503
61707.29900  z_LSST  23.40718  0.21139
61707.29850  z_LSST  23.22209  0.17826
61707.29810  z_LSST  23.48374  0.22683
61707.29770  z_LSST  23.76873  0.29492
61707.29730  z_LSST  23.99865  0.36448
61707.29690  z_LSST  24.05930  0.38542
61707.29650  z_LSST  23.80537  0.30504
61707.29600  z_LSST  23.87138  0.32416
61707.29560  z_LSST  24.13642  0.41379
61707.29520  z_LSST  24.92493  0.85543
61707.28840  u_LSST  24.45430  0.34873
61707.28760  u_LSST  24.53384  0.37524
61707.28720  u_LSST  25.83883  1.24825
61707.28390  r_LSST  23.99771  0.13217
61707.28350  r_LSST  23.93925  0.12524
61707.28310  r_LSST  23.90600  0.12146
61707.28270  r_LSST  23.87200  0.11772
61707.28220  r_LSST  23.88925  0.11960
61707.28180  r_LSST  23.82570  0.11280
61707.28140  r_LSST  23.88282  0.11889
61707.28100  r_LSST  23.88396  0.11902
61707.28060  r_LSST  24.13355  0.14978
61707.28020  r_LSST  23.89686  0.12044
61707.27420  i_LSST  23.61204  0.15487
61707.27380  i_LSST  23.82012  0.18758
61707.27330  i_LSST  23.72122  0.17125
61707.27290  i_LSST  23.67053  0.16344
61707.27250  i_LSST  23.64318  0.15937
61707.27210  i_LSST  23.54893  0.14612
61707.27170  i_LSST  23.61726  0.15561
61707.27130  i_LSST  23.64905  0.16024
61707.27080  i_LSST  23.67289  0.16379
61707.27040  i_LSST  23.53609  0.14440
61707.26440  g_LSST  25.59840  0.39120
61707.26400  g_LSST  25.47491  0.34914
61707.26360  g_LSST  25.34297  0.30919
61707.26320  g_LSST  25.50968  0.36050
61707.26280  g_LSST  24.94256  0.21383
61707.21610  i_LSST  23.51516  0.14165
61703.28690  r_LSST  24.21700  0.19628
61703.28590  r_LSST  24.00070  0.16083
61703.26200  g_LSST  24.90079  0.19477
61703.26100  g_LSST  25.67504  0.39740
61700.24350  z_LSST  24.23330  0.56224
61700.24310  z_LSST  24.26644  0.57967
61700.24260  z_LSST  26.09832  3.13281
61700.24220  z_LSST  26.74675  5.69257
61700.24180  z_LSST  24.19858  0.54455
61700.24140  z_LSST  23.89531  0.41184
61700.24100  z_LSST  26.26737  3.66061
61700.24060  z_LSST  24.42571  0.67126
61700.24010  z_LSST  24.83771  0.98105
61700.23970  z_LSST  24.59751  0.78634
61700.23930  z_LSST  24.06403  0.48108
61700.23890  z_LSST  24.17142  0.53110
61700.22310  r_LSST  24.52228  0.33083
61700.22270  r_LSST  24.67126  0.37949
61700.22230  r_LSST  24.66580  0.37758
61700.22190  r_LSST  24.28963  0.26702
61700.22150  r_LSST  24.95511  0.49288
61700.22100  r_LSST  25.09614  0.56124
61700.22060  r_LSST  24.26442  0.26089
61700.22020  r_LSST  24.25329  0.25823
61700.21980  r_LSST  24.52497  0.33165
61700.21940  r_LSST  25.30640  0.68117
61700.21340  i_LSST  24.15755  0.41845
61700.21300  i_LSST  23.87182  0.32163
61700.21260  i_LSST  23.88117  0.32441
61700.21220  i_LSST  23.93007  0.33935
61700.21170  i_LSST  24.05642  0.38123
61700.21130  i_LSST  24.45322  0.54943
61700.21090  i_LSST  24.50670  0.57717
61700.21050  i_LSST  24.04559  0.37745
61700.21010  i_LSST  24.12708  0.40687
61700.20970  i_LSST  24.05598  0.38108
61700.20370  g_LSST  25.52465  0.47054
61700.20330  g_LSST  26.47864  1.13292
61700.20280  g_LSST  25.25453  0.36690
61700.20240  g_LSST  25.04376  0.30217
61696.28860  z_LSST  24.62966  0.98980
61696.26430  i_LSST  24.58881  0.96316
61696.14620  z_LSST  23.90447  0.50754
61696.14580  z_LSST  24.01253  0.56066
61696.14500  z_LSST  24.68424  1.04083
61696.14410  z_LSST  26.13423  3.95711
61696.14370  z_LSST  25.38348  1.98187
61696.14330  z_LSST  26.87708  7.84365
61696.14290  z_LSST  24.88285  1.24976
61696.14250  z_LSST  24.34161  0.75915
61696.14200  z_LSST  25.14844  1.59610
61696.14160  z_LSST  25.36802  1.95386
61696.12590  r_LSST  26.12354  3.04165
61696.12510  r_LSST  25.10508  1.19048
61696.12470  r_LSST  26.25651  3.43792
61696.12420  r_LSST  23.90924  0.39572
61696.12340  r_LSST  23.97811  0.42163
61696.12300  r_LSST  24.46578  0.66070
61696.12260  r_LSST  24.75876  0.86536
61696.11620  i_LSST  25.17489  1.65245
61696.11580  i_LSST  24.03543  0.57856
61696.11530  i_LSST  23.55677  0.37229
61696.11490  i_LSST  23.73302  0.43791
61696.11450  i_LSST  24.44106  0.84062
61696.11410  i_LSST  23.93621  0.52803
61696.11370  i_LSST  23.92455  0.52239
61696.11280  i_LSST  26.61806  6.24306
61696.10850  g_LSST  25.93259  2.79802
61696.10770  g_LSST  23.58640  0.32238
61696.10730  g_LSST  24.95382  1.13591
61696.10690  g_LSST  24.25505  0.59681
61678.37220  z_LSST  26.12679  2.64295
61678.37170  z_LSST  27.35940  8.22499
61678.37130  z_LSST  24.80984  0.78580
61678.37010  z_LSST  24.28408  0.48418
61678.36970  z_LSST  25.61956  1.65652
61678.36920  z_LSST  25.90378  2.15222
61678.36880  z_LSST  24.57638  0.63376
61678.36800  z_LSST  27.32010  7.93255
61678.36120  u_LSST  25.43483  0.62699
61678.36040  u_LSST  26.08547  1.14161
61678.36000  u_LSST  27.40683  3.85533
61678.35670  r_LSST  26.97290  1.91470
61678.35630  r_LSST  25.73224  0.61071
61678.35590  r_LSST  28.10023  5.40795
61678.34610  i_LSST  26.29459  1.80812
61678.34570  i_LSST  25.39107  0.78672
61678.34530  i_LSST  26.65762  2.52604
61678.34490  i_LSST  25.54279  0.90471
61678.34450  i_LSST  26.21182  1.67541
61678.34410  i_LSST  27.93660  8.20412
61678.33720  g_LSST  29.19993  9.77776
61678.33640  g_LSST  27.65693  2.36069
61678.33600  g_LSST  26.20141  0.61777
61678.33560  g_LSST  26.60388  0.89499
61673.14660  u_LSST  24.67132  0.67347
61673.14620  u_LSST  25.37006  1.28179
61671.26840  z_LSST  25.06765  1.28844
61671.26750  z_LSST  24.32961  0.65291
61671.26710  z_LSST  24.92114  1.12581
61671.26670  z_LSST  25.52528  1.96390
61671.26630  z_LSST  26.48095  4.73572
61671.26550  z_LSST  25.40821  1.76316
61671.26460  z_LSST  23.95256  0.46135
61671.24850  r_LSST  25.42963  0.70285
61671.24810  r_LSST  26.33268  1.61466
61671.24680  r_LSST  27.13744  3.38834
61671.24640  r_LSST  24.78394  0.38778
61671.24600  r_LSST  25.40013  0.68401
61671.24510  r_LSST  25.74943  0.94359
61671.23880  i_LSST  24.31026  0.48941
61671.22940  g_LSST  26.27103  1.07418
61667.17610  z_LSST  24.16604  1.35709
61667.17570  z_LSST  28.36765  65.05049
61667.17450  z_LSST  24.85912  2.56945
61667.17400  z_LSST  24.42504  1.72269
61667.17360  z_LSST  23.23311  0.57469
61667.17280  z_LSST  23.56893  0.78301
61667.17240  z_LSST  25.74652  5.81835
61667.17200  z_LSST  26.14967  8.43446
61667.17150  z_LSST  24.33701  1.58854
61667.15880  r_LSST  24.22191  1.17758
61667.15840  r_LSST  25.70448  4.61333
61667.15370  i_LSST  24.31945  1.41635
61667.15320  i_LSST  25.03804  2.74542
61667.15280  i_LSST  25.65089  4.82777
61667.15200  i_LSST  25.88676  5.99925
61667.15160  i_LSST  26.12175  7.44893
61667.15070  i_LSST  24.08066  1.13673
61666.38960  g_LSST  24.90260  0.72535
61666.38790  g_LSST  25.31206  1.05763
61657.21730  z_LSST  26.13556  5.41993
61657.21690  z_LSST  25.29793  2.50577
61657.21610  z_LSST  25.46084  2.91144
61657.21480  z_LSST  24.47366  1.17283
61657.21440  z_LSST  25.34636  2.62008
61657.21400  z_LSST  29.57474  128.72617
61656.39980  r_LSST  25.99569  0.97215
61656.39940  r_LSST  29.80331  32.41775
61656.39900  r_LSST  26.89436  2.22433
61656.39860  r_LSST  27.86848  5.45571
61656.39820  r_LSST  25.91333  0.90113
61656.39780  r_LSST  26.47324  1.50923
61656.39730  r_LSST  25.67621  0.72434
61656.39610  r_LSST  28.12328  6.89874
61656.38970  i_LSST  26.57725  2.71018
61656.38880  i_LSST  27.24899  5.03143
61656.38840  i_LSST  24.84215  0.54822
61656.38800  i_LSST  26.31649  2.13154
61656.38760  i_LSST  25.27122  0.81392
61656.38720  i_LSST  25.00744  0.63837
61656.38040  g_LSST  26.87436  1.46962
61656.37950  g_LSST  27.50936  2.63755
61656.37910  g_LSST  26.92737  1.54314
61656.37870  g_LSST  27.80946  3.47731
61652.37540  r_LSST  26.61640  1.89269
61650.22910  z_LSST  26.98737  10.07108
61650.22870  z_LSST  24.30785  0.85363
61650.22830  z_LSST  23.90132  0.58703
61650.22790  z_LSST  23.89980  0.58620
61650.22700  z_LSST  25.60965  2.83131
61650.22660  z_LSST  26.21633  4.95062
61650.22620  z_LSST  25.36214  2.25417
61650.22580  z_LSST  25.60648  2.82305
61650.22540  z_LSST  23.39065  0.36677
61650.22490  z_LSST  24.26805  0.82291
61650.21740  u_LSST  25.91345  2.75775
61650.21700  u_LSST  25.17645  1.39880
61650.21370  r_LSST  27.08121  4.97811
61650.21200  r_LSST  27.07670  4.95751
61650.21160  r_LSST  25.62540  1.30239
61650.21030  r_LSST  25.04470  0.76289
61650.20230  i_LSST  23.94665  0.42413
61650.20140  i_LSST  26.50060  4.45738
61650.20100  i_LSST  24.69430  0.84442
61649.39630  g_LSST  27.61293  2.97801
61649.39590  g_LSST  27.09279  1.84446
61649.39500  g_LSST  29.29945  14.07783
61644.26940  u_LSST  26.60764  4.28299
61644.26900  u_LSST  24.75331  0.77627
61643.25150  z_LSST  23.54512  0.58782
61643.25060  z_LSST  24.02862  0.91758
61643.25020  z_LSST  26.27526  7.26612
61643.24900  z_LSST  24.91562  2.07706
61643.24810  z_LSST  25.36311  3.13647
61643.24770  z_LSST  24.60218  1.55622
61643.24690  z_LSST  25.30397  2.97021
61643.23120  r_LSST  24.84832  0.86334
61643.23070  r_LSST  27.69971  11.93260
61643.22990  r_LSST  27.51560  10.07148
61643.22950  r_LSST  25.57429  1.68488
61643.22910  r_LSST  25.81677  2.10650
61643.22820  r_LSST  26.38420  3.55250
61643.22780  r_LSST  24.17193  0.46305
61643.22740  r_LSST  26.70850  4.78907
61643.22060  i_LSST  24.49742  1.09662
61643.21980  i_LSST  23.89654  0.63052
61643.21930  i_LSST  23.30847  0.36684
61643.21890  i_LSST  24.93673  1.64353
61643.21850  i_LSST  25.04176  1.81046
61643.21810  i_LSST  24.66235  1.27652
61643.21770  i_LSST  26.42865  6.49447
61642.40820  g_LSST  26.43526  1.66697
61638.41640  z_LSST  24.49516  1.29618
61638.29860  z_LSST  25.25095  2.60006
61638.29810  z_LSST  26.19937  6.22804
61638.29690  z_LSST  24.53718  1.34734
61638.29560  z_LSST  24.58447  1.40731
61638.27780  r_LSST  24.00860  0.72889
61638.27620  r_LSST  23.92982  0.67788
61638.27580  r_LSST  26.50060  7.23536
61638.27530  r_LSST  24.86702  1.60704
61638.27490  r_LSST  24.09386  0.78843
61638.27450  r_LSST  23.99093  0.71712
61638.26980  i_LSST  24.75712  1.57705
61638.26940  i_LSST  24.08919  0.85246
61638.26900  i_LSST  23.38742  0.44665
61638.26810  i_LSST  23.62499  0.55590
61638.26730  i_LSST  23.98094  0.77157
61638.26690  i_LSST  24.01621  0.79704
61638.26380  g_LSST  24.69323  1.39443
61628.29100  z_LSST  24.02870  0.93057
61628.29010  z_LSST  25.11118  2.52199
61628.28970  z_LSST  23.79545  0.75067
61628.28930  z_LSST  24.22252  1.11244
61628.28850  z_LSST  24.55400  1.50963
61628.28800  z_LSST  24.11245  1.00519
61628.28760  z_LSST  25.35651  3.16135
61628.27110  r_LSST  24.92216  0.96148
61628.27020  r_LSST  26.02667  2.65916
61628.26980  r_LSST  24.63679  0.73925
61628.26940  r_LSST  24.45401  0.62472
61628.26900  r_LSST  27.36319  9.10659
61628.26180  i_LSST  23.61009  0.54652
61628.26090  i_LSST  25.14837  2.25380
61628.26010  i_LSST  24.34039  1.07084
61628.25930  i_LSST  28.06751  33.15672
61628.25880  i_LSST  23.38006  0.44217
61628.25450  g_LSST  25.29704  1.74830
61628.25330  g_LSST  26.88391  7.53987
