# ================================
# SNID: 102672
# RA: 26.35426139831543
# DEC: -16.56797981262207
# ================================
NVAR: 4
VARNAMES: MJD FLT MAG MAGERR
61781.04440  z_LSST  24.23300  0.72504
61778.10270  i_LSST  24.95670  0.83683
61778.07890  r_LSST  27.48993  6.95416
61767.04560  i_LSST  25.21347  0.71392
61766.05830  z_LSST  25.37291  1.59300
61766.04470  i_LSST  26.41045  2.34512
61765.07510  u_LSST  25.79704  1.83118
61755.10570  g_LSST  26.94535  3.10807
61748.09920  i_LSST  25.55867  1.37252
61747.12820  z_LSST  26.16911  4.67566
61747.10380  i_LSST  25.52438  1.33611
61745.11980  r_LSST  25.59972  1.08298
61742.13730  z_LSST  24.80560  1.14051
61742.10890  i_LSST  28.20417  10.72401
61741.03750  z_LSST  26.87690  8.41108
61741.03700  z_LSST  23.88223  0.53331
61741.02370  i_LSST  23.86816  0.40034
61740.14670  u_LSST  26.70786  3.00249
61738.10710  g_LSST  27.57604  2.49106
61737.15460  r_LSST  25.30460  0.63861
61736.16080  r_LSST  25.68410  1.23899
61736.13720  u_LSST  26.71063  2.96104
61735.07340  r_LSST  25.37122  0.45379
61735.05030  u_LSST  26.90342  3.38760
61728.16740  i_LSST  26.40992  2.14797
61728.14320  r_LSST  26.43931  1.13485
61726.13100  r_LSST  24.94010  0.73866
61718.24320  z_LSST  24.26466  0.80449
61717.07700  i_LSST  25.00360  0.69103
61716.09110  i_LSST  27.10013  4.52283
61716.09060  i_LSST  24.28989  0.33987
61715.18450  z_LSST  24.29816  0.68265
61714.10810  i_LSST  25.31164  0.66660
61714.08390  r_LSST  25.91398  0.88854
61711.13920  i_LSST  25.20939  0.52491
61711.11500  r_LSST  25.35955  0.54190
61709.27640  r_LSST  26.87030  2.74896
61708.08650  i_LSST  26.50472  2.06177
61706.22720  r_LSST  26.57731  2.29073
61706.20410  u_LSST  26.43604  3.46595
61705.18730  i_LSST  26.78680  3.40844
61705.16350  r_LSST  27.30745  2.57913
61704.11070  g_LSST  26.34293  1.30030
61704.05130  g_LSST  29.43540  22.44048
61704.02760  r_LSST  25.92272  1.68176
61702.14570  r_LSST  25.35543  0.73700
61702.12090  g_LSST  27.83386  4.94152
61697.13840  r_LSST  26.59631  3.71756
61697.11400  g_LSST  25.05639  0.87442
61695.24080  z_LSST  23.85782  0.56763
61694.23830  z_LSST  24.70726  1.19270
61691.24750  z_LSST  23.59700  0.35230
61688.33840  z_LSST  24.03734  0.53891
61688.31440  i_LSST  23.84393  0.24874
61682.20890  i_LSST  23.94867  0.20999
61682.18470  r_LSST  24.42501  0.19887
61681.34190  i_LSST  23.66606  0.17555
61681.31810  r_LSST  24.26405  0.18928
61680.30620  z_LSST  23.86055  0.37908
61678.32250  i_LSST  23.60138  0.13418
61676.34020  g_LSST  25.43502  0.42433
61672.35990  r_LSST  24.07033  0.18806
61671.33910  r_LSST  23.80046  0.21897
61671.31480  g_LSST  25.58790  0.61381
61669.37770  i_LSST  23.72157  0.24313
61669.35380  r_LSST  23.91835  0.22004
61668.37590  i_LSST  23.22007  0.20856
61668.37550  i_LSST  23.39510  0.24505
61668.35210  z_LSST  23.68745  0.49838
61668.35160  z_LSST  24.85164  1.45625
61667.34080  z_LSST  23.39326  0.35435
61667.33990  z_LSST  24.46780  0.95333
61667.31550  i_LSST  23.65032  0.35094
61667.31460  i_LSST  23.90329  0.44301
61660.37080  z_LSST  25.92909  2.63657
61655.30430  r_LSST  25.88253  0.60923
61655.30390  r_LSST  26.23473  0.84268
61655.27940  g_LSST  26.61600  0.84486
61654.39380  i_LSST  24.73901  0.45057
61654.38240  z_LSST  25.87013  2.07570
61651.40110  i_LSST  26.13933  2.99482
61651.38980  r_LSST  26.01554  1.39515
61650.26470  r_LSST  26.27431  1.23896
61650.24320  g_LSST  25.85121  0.46992
61648.33380  r_LSST  25.91855  0.70474
61648.33110  g_LSST  26.16466  0.69023
61648.30940  g_LSST  26.47395  0.91772
61644.30700  r_LSST  26.49870  1.75424
61642.39300  r_LSST  25.47739  1.32797
61641.39420  z_LSST  25.88774  2.67198
61641.36940  i_LSST  24.79824  0.65617
61640.26790  r_LSST  25.46322  1.67480
61631.29320  z_LSST  24.54555  0.78994
61625.43010  r_LSST  26.25464  1.58807
61621.42800  z_LSST  25.09907  1.50330
61621.30420  g_LSST  28.99214  18.25017
61619.42380  i_LSST  27.35838  8.19115
61618.43470  r_LSST  25.23828  0.74593
61472.00310  z_LSST  23.25107  1.28422
61468.00680  i_LSST  23.41378  0.77722
61419.06550  z_LSST  26.24785  4.01674
61407.09420  r_LSST  23.99720  0.37321
61407.07050  g_LSST  26.48284  2.21682
61405.07990  z_LSST  23.86047  0.55629
61386.10180  i_LSST  24.73768  0.45047
61377.07970  i_LSST  25.35470  0.83747
61375.12430  r_LSST  26.53578  1.42675
61371.15130  i_LSST  26.80753  3.15110
61364.13430  r_LSST  25.63158  1.46890
61363.11600  i_LSST  26.63273  3.69890
61363.11550  i_LSST  26.68504  3.88147
61363.09040  r_LSST  25.37285  0.84218
61363.08990  r_LSST  28.72271  18.42242
61328.13210  r_LSST  26.27462  2.08210
61313.29840  z_LSST  24.01617  0.61387
61313.27310  i_LSST  27.43610  8.23610
61299.36730  i_LSST  28.76131  26.31916
61293.27680  i_LSST  29.05762  26.45619
61288.30540  r_LSST  28.51742  11.49624
61287.37560  i_LSST  24.92699  0.58489
61287.35180  r_LSST  27.27130  3.50042
61287.35130  r_LSST  26.50170  1.72298
61274.33210  i_LSST  26.97262  3.36917
61274.31520  r_LSST  25.89952  1.03531
61264.41130  r_LSST  26.40948  1.39771
61248.39340  z_LSST  25.61284  1.79183
61215.43270  z_LSST  24.97966  1.62874
