# ================================
# SNID: 102840
# RA: 220.3660125732422
# DEC: -45.00537109375
# ================================
NVAR: 4
VARNAMES: MJD FLT MAG MAGERR
61647.02500  z_LSST  24.05014  0.70732
61647.00130  i_LSST  26.50116  2.83659
61647.00040  i_LSST  26.08900  1.94059
61637.07100  i_LSST  24.53406  0.99889
61637.04720  r_LSST  24.40023  0.63970
61631.10130  z_LSST  24.22557  1.84567
61622.02630  i_LSST  26.01997  2.32852
61622.00220  z_LSST  25.73391  1.98304
61621.06290  i_LSST  28.02111  12.47424
61616.06210  u_LSST  25.38003  2.12742
61615.00690  r_LSST  27.72519  5.70336
61614.98380  u_LSST  25.60102  1.33886
61605.13970  z_LSST  26.23709  7.72315
61605.11600  i_LSST  26.64575  6.93062
61605.09850  i_LSST  24.97529  1.48796
61604.04560  z_LSST  24.18977  0.86828
61604.02150  i_LSST  23.73994  0.63629
61590.01520  i_LSST  25.32068  0.83855
61589.99050  z_LSST  25.25283  1.66424
61583.08410  i_LSST  25.09737  0.91952
61561.18220  r_LSST  30.62895  162.40921
61561.15940  u_LSST  26.67262  6.10209
61557.17680  r_LSST  25.71645  1.24128
61557.17630  r_LSST  29.94572  61.03458
61557.15300  u_LSST  25.85829  1.23851
61557.15260  u_LSST  25.01355  0.56886
61551.12060  g_LSST  28.43316  12.00949
61549.22750  i_LSST  24.44636  0.80649
61547.22340  z_LSST  23.86391  0.68939
61540.15600  z_LSST  24.32101  0.74250
61540.13090  i_LSST  24.87849  0.72146
61539.28100  i_LSST  26.54482  2.41325
61535.18350  r_LSST  26.26643  1.35764
61535.15670  g_LSST  27.87779  4.63059
61530.17230  i_LSST  25.03242  0.61131
61529.20930  z_LSST  24.51780  0.87707
61527.18970  r_LSST  27.09452  2.60765
61525.20010  r_LSST  26.97657  2.54004
61523.34580  i_LSST  24.80325  0.66785
61522.25630  i_LSST  25.85465  2.07349
61515.21880  z_LSST  24.42944  0.89320
61514.22410  i_LSST  25.76887  1.91673
61510.35530  z_LSST  25.27778  2.13756
61509.16980  z_LSST  24.67975  0.90900
61506.27090  i_LSST  26.98603  4.54985
61500.23440  g_LSST  28.07392  3.68880
61497.24670  r_LSST  28.43055  11.59897
61497.22230  g_LSST  28.92324  10.24450
61496.23600  r_LSST  27.05515  2.78711
61496.21170  i_LSST  28.05330  9.74095
61494.21250  i_LSST  24.36446  0.47236
61494.18840  r_LSST  25.95846  1.82149
61493.28420  z_LSST  25.89053  2.89604
61493.28020  z_LSST  27.36387  11.24971
61492.37120  z_LSST  24.82973  1.14413
61484.36340  i_LSST  25.95829  1.58292
61474.40530  r_LSST  26.48342  2.56421
61469.30630  i_LSST  26.75804  2.51529
61468.31010  g_LSST  25.57768  0.41974
61467.31010  g_LSST  25.84052  0.72329
61465.30600  z_LSST  24.92100  1.20976
61465.28200  i_LSST  24.80197  0.67393
61454.38870  z_LSST  25.01425  1.09160
61454.37900  i_LSST  26.43281  2.44427
61453.35230  r_LSST  26.01319  1.19513
61453.32760  g_LSST  26.08776  0.80685
61257.05520  i_LSST  25.47920  1.30958
61257.03110  r_LSST  30.22831  55.69020
61239.07600  g_LSST  25.82453  1.04943
61238.08550  r_LSST  25.67053  1.20529
61230.08790  i_LSST  25.40880  1.27043
61230.06390  r_LSST  27.81211  7.32235
61222.16760  z_LSST  24.92965  2.67376
61221.08030  i_LSST  25.51551  2.13890
61215.07140  r_LSST  25.46576  1.05056
61213.16020  z_LSST  24.91538  2.22040
61212.99090  z_LSST  25.33075  3.25522
61194.15560  i_LSST  25.42410  1.73312
61192.24970  z_LSST  24.42674  1.49998
61192.22580  i_LSST  24.57020  1.17363
61182.20880  r_LSST  25.61183  0.69182
61182.14080  i_LSST  24.78790  0.55096
61182.11400  z_LSST  32.17829  893.24215
61181.12910  z_LSST  25.61303  1.40817
61181.11580  i_LSST  25.95397  1.33003
61181.10470  i_LSST  25.14064  0.62882
61160.01350  i_LSST  27.25340  14.38201
61159.98970  z_LSST  24.13884  1.34995
61158.13200  z_LSST  24.88016  1.76421
61156.26110  z_LSST  24.58608  0.74296
61156.23670  i_LSST  26.36087  2.40807
61153.27810  z_LSST  25.02758  1.54673
61152.22500  i_LSST  26.04395  1.44160
61150.33090  r_LSST  26.14712  1.14593
61150.30670  g_LSST  26.14170  0.93386
61148.25900  r_LSST  26.74077  1.81551
61148.23430  g_LSST  32.03310  161.94529
61141.31610  r_LSST  25.74857  0.73609
61141.31470  r_LSST  28.48531  9.15436
61141.14390  r_LSST  25.20093  0.44450
61141.12010  g_LSST  26.20002  1.00067
61140.23030  g_LSST  27.40816  4.00639
61139.34370  i_LSST  24.41162  0.38228
61132.26950  z_LSST  23.38027  0.29689
61132.24520  i_LSST  24.29041  0.65744
61130.41570  z_LSST  24.00322  0.76494
61125.29180  i_LSST  24.09591  0.29547
61125.26640  r_LSST  24.81415  0.29000
61119.38250  i_LSST  23.80636  0.22485
61119.38110  i_LSST  23.77893  0.21924
61119.35830  r_LSST  24.36513  0.27849
61119.35690  r_LSST  24.10722  0.21960
61116.35530  r_LSST  23.85165  0.11388
61114.39930  i_LSST  23.46006  0.14437
61112.39180  r_LSST  23.60523  0.13217
61105.39650  z_LSST  24.02282  0.62365
61105.38500  i_LSST  23.16894  0.19455
61105.32930  z_LSST  23.93923  0.57744
61105.30410  i_LSST  22.87666  0.14864
61097.34560  i_LSST  22.99212  0.08991
61097.32050  r_LSST  23.27873  0.08176
61032.35400  r_LSST  25.97052  3.84942
61032.34780  r_LSST  25.34699  2.16763
61028.35430  i_LSST  24.83849  1.76981
61028.34500  i_LSST  26.22745  6.36083
61024.35140  r_LSST  25.93954  4.74858
61024.34840  r_LSST  28.19992  38.08192
61024.34530  r_LSST  26.63434  9.00507
61024.34220  r_LSST  24.20552  0.96152
