# ================================
# SNID: 102854
# RA: 34.76696014404297
# DEC: -4.670772552490234
# ================================
NVAR: 4
VARNAMES: MJD FLT MAG MAGERR
61840.00850  z_LSST  24.38006  2.81140
61840.00550  z_LSST  23.33758  1.07630
61817.06280  z_LSST  24.35496  1.38476
61817.06240  z_LSST  23.73458  0.78203
61817.06160  z_LSST  23.71391  0.76728
61817.06080  z_LSST  24.23789  1.24322
61817.05910  z_LSST  23.43986  0.59613
61817.05870  z_LSST  25.07925  2.69832
61817.05830  z_LSST  23.73089  0.77938
61817.05780  z_LSST  25.02785  2.57355
61817.05740  z_LSST  24.04752  1.04327
61817.05700  z_LSST  23.79400  0.82602
61817.05660  z_LSST  22.75161  0.31625
61817.05620  z_LSST  24.03589  1.03216
61817.05580  z_LSST  25.48235  3.91141
61817.05530  z_LSST  26.85664  13.86914
61817.05490  z_LSST  24.81795  2.12116
61817.05410  z_LSST  29.04161  103.76101
61817.05370  z_LSST  26.12432  7.06513
61817.04260  r_LSST  24.69178  0.67418
61817.04220  r_LSST  24.56859  0.60186
61816.07480  r_LSST  25.53190  1.32554
61816.07440  r_LSST  25.33163  1.10226
61816.07280  r_LSST  26.84492  4.44222
61816.07150  r_LSST  25.62772  1.44784
61816.07110  r_LSST  25.89231  1.84738
61816.07070  r_LSST  26.74979  4.06955
61816.06980  r_LSST  27.29899  6.74880
61816.06940  r_LSST  26.25192  2.57276
61816.06820  r_LSST  24.77347  0.65920
61816.06560  i_LSST  26.14060  3.75064
61816.06510  i_LSST  24.50904  0.83460
61816.06430  i_LSST  32.89059  1879.75546
61816.06310  i_LSST  24.35487  0.72412
61816.06260  i_LSST  24.47871  0.81161
61816.06220  i_LSST  24.69149  0.98733
61816.06180  i_LSST  24.10638  0.57599
61816.06100  i_LSST  24.48516  0.81645
61816.06010  i_LSST  24.61572  0.92077
61816.05970  i_LSST  25.46777  2.01824
61816.05850  i_LSST  25.76412  2.65164
61816.05590  g_LSST  25.74387  0.94318
61816.05500  g_LSST  25.48680  0.74433
61816.05290  g_LSST  25.38479  0.67758
61816.05250  g_LSST  27.13468  3.39562
61816.04950  z_LSST  24.66855  1.43451
61816.04910  z_LSST  26.12264  5.47445
61816.04870  z_LSST  24.32448  1.04490
61816.04820  z_LSST  24.46671  1.19115
61816.04740  z_LSST  25.47293  3.00924
61816.04700  z_LSST  24.52738  1.25961
61816.04660  z_LSST  24.35657  1.07624
61816.04570  z_LSST  26.80699  10.28208
61816.04490  z_LSST  24.98832  1.92581
61816.04410  z_LSST  25.11282  2.15980
61816.04370  z_LSST  24.23807  0.96496
61816.04320  z_LSST  24.20470  0.93576
61815.07680  z_LSST  23.59932  0.78458
61815.06570  r_LSST  24.41957  0.60642
61815.06440  r_LSST  27.74745  12.99950
61815.06400  r_LSST  25.90004  2.37117
61815.06320  r_LSST  24.31104  0.54874
61815.06110  r_LSST  25.54012  1.70214
61815.06070  r_LSST  24.58312  0.70501
61815.06030  r_LSST  24.45560  0.62688
61815.05990  r_LSST  24.98620  1.02194
61815.05940  r_LSST  25.53560  1.69508
61815.05900  r_LSST  30.28398  134.44402
61815.05860  r_LSST  27.31058  8.69318
61815.05820  r_LSST  24.80358  0.86374
61815.05780  r_LSST  25.59718  1.79400
61815.05600  i_LSST  23.55992  0.39756
61815.05560  i_LSST  25.85422  3.28941
61815.05520  i_LSST  23.72194  0.46154
61815.05470  i_LSST  25.03828  1.55148
61815.05430  i_LSST  25.02565  1.53353
61815.05390  i_LSST  26.52820  6.11945
61815.05350  i_LSST  27.02133  9.63747
61815.05310  i_LSST  24.55817  0.99701
61815.05180  i_LSST  24.21931  0.72972
61815.05140  i_LSST  25.13943  1.70295
61815.05100  i_LSST  25.96426  3.64028
61815.05020  i_LSST  24.96489  1.45006
61815.04810  i_LSST  24.51014  0.95387
61815.04550  g_LSST  26.03848  1.73123
61815.04460  g_LSST  25.47739  1.03257
61815.04420  g_LSST  27.06992  4.47641
61815.04340  g_LSST  25.52528  1.07913
61815.04300  g_LSST  25.43610  0.99404
61800.09320  z_LSST  24.34019  0.81147
61800.09230  z_LSST  23.80470  0.49554
61800.09190  z_LSST  24.68477  1.11456
61800.09110  z_LSST  24.56799  1.00090
61800.09070  z_LSST  24.04289  0.61709
61800.09020  z_LSST  23.57334  0.40043
61800.08980  z_LSST  23.77643  0.48280
61800.08940  z_LSST  24.66322  1.09266
61800.08900  z_LSST  24.28649  0.77231
61800.08860  z_LSST  23.65485  0.43165
61800.08820  z_LSST  25.13990  1.69495
61800.08770  z_LSST  24.88166  1.33616
61800.08690  z_LSST  24.43489  0.88542
61800.08650  z_LSST  24.22262  0.72819
61800.08610  z_LSST  25.35589  2.06800
61800.08570  z_LSST  25.14611  1.70467
61800.08520  z_LSST  24.16059  0.68775
61800.08440  z_LSST  24.04636  0.61907
61800.08360  z_LSST  24.20263  0.71491
61800.08180  u_LSST  30.14466  92.57946
61800.08110  u_LSST  27.41264  7.47668
61800.08030  u_LSST  24.90526  0.74261
61800.07950  u_LSST  26.88488  4.59837
61800.07920  u_LSST  27.53170  8.34320
61800.07700  r_LSST  25.37110  0.74504
61800.07650  r_LSST  25.97656  1.30125
61800.07570  r_LSST  25.74836  1.05458
61800.07360  r_LSST  25.11026  0.58593
61800.07320  r_LSST  25.98737  1.31427
61800.07280  r_LSST  26.67368  2.47292
61800.07240  r_LSST  26.56214  2.23148
61800.07150  r_LSST  24.66104  0.38739
61800.07070  r_LSST  26.38774  1.90034
61800.07030  r_LSST  25.43436  0.78973
61800.06950  r_LSST  26.37689  1.88146
61800.06770  i_LSST  24.65165  0.88574
61800.06730  i_LSST  23.91859  0.45090
61800.06640  i_LSST  24.85603  1.06920
61800.06600  i_LSST  25.48318  1.90511
61800.06560  i_LSST  25.28577  1.58839
61800.06520  i_LSST  25.60989  2.14093
61800.06430  i_LSST  24.51871  0.78367
61800.06390  i_LSST  25.45054  1.84868
61800.06350  i_LSST  26.28303  3.97978
61800.06310  i_LSST  24.84799  1.06131
61800.06270  i_LSST  26.00898  3.09201
61800.06230  i_LSST  28.05832  20.41631
61800.06180  i_LSST  27.09856  8.43475
61800.06140  i_LSST  28.29519  25.39358
61800.06100  i_LSST  23.86302  0.42841
61800.06020  i_LSST  25.56448  2.05323
61800.05760  g_LSST  25.89243  1.10529
61800.05710  g_LSST  25.35187  0.67182
61800.05590  g_LSST  25.25089  0.61215
61800.05550  g_LSST  25.98501  1.20367
61800.05420  g_LSST  25.15551  0.56067
61793.09900  z_LSST  24.67843  1.24895
61793.09850  z_LSST  25.92880  3.95088
61793.09810  z_LSST  24.42867  0.99229
61793.09730  z_LSST  25.76352  3.39299
61793.09690  z_LSST  25.81128  3.54554
61793.09650  z_LSST  24.45044  1.01239
61793.09600  z_LSST  25.95188  4.03575
61793.09560  z_LSST  25.76390  3.39417
61793.09520  z_LSST  25.05595  1.76829
61793.09480  z_LSST  24.28296  0.86768
61793.09440  z_LSST  24.81681  1.41872
61793.09400  z_LSST  25.73751  3.31266
61793.09350  z_LSST  24.68419  1.25559
61793.09310  z_LSST  24.19177  0.79777
61793.09270  z_LSST  28.63965  47.97712
61793.09230  z_LSST  26.73522  8.30347
61793.09190  z_LSST  24.79314  1.38812
61793.09100  z_LSST  23.59230  0.45929
61793.09060  z_LSST  26.28848  5.50253
61793.09020  z_LSST  24.05308  0.70211
61793.08980  z_LSST  24.49112  1.05104
61793.08940  z_LSST  24.76758  1.35583
61793.08730  u_LSST  25.89038  1.75427
61793.08690  u_LSST  27.40408  7.07257
61793.08570  u_LSST  25.10701  0.85260
61793.08530  u_LSST  25.36482  1.08111
61793.08500  u_LSST  25.27735  0.99743
61793.08320  r_LSST  27.50148  4.82797
61793.08230  r_LSST  25.90149  1.10603
61793.08190  r_LSST  25.94539  1.15167
61793.08110  r_LSST  27.52887  4.95132
61793.08070  r_LSST  26.19186  1.44516
61793.08030  r_LSST  27.14161  3.46591
61793.07980  r_LSST  25.50653  0.76875
61793.07940  r_LSST  27.69870  5.78964
61793.07900  r_LSST  26.08890  1.31442
61793.07780  r_LSST  26.33487  1.64862
61793.07650  r_LSST  28.88588  17.27918
61793.07570  r_LSST  25.93430  1.13997
61793.07350  i_LSST  25.85258  1.68247
61793.07260  i_LSST  24.71838  0.59193
61793.07220  i_LSST  25.18594  0.91053
61793.07180  i_LSST  24.91602  0.71011
61793.07140  i_LSST  25.19183  0.91548
61793.07060  i_LSST  27.55325  8.05779
61793.07010  i_LSST  25.50978  1.22696
61793.06970  i_LSST  28.19179  14.50880
61793.06930  i_LSST  25.42437  1.13414
61793.06890  i_LSST  25.45141  1.16273
61793.06850  i_LSST  25.28535  0.99783
61793.06810  i_LSST  25.73199  1.50562
61793.06760  i_LSST  25.01023  0.77448
61793.06720  i_LSST  24.49093  0.48005
61793.06680  i_LSST  25.05817  0.80944
61793.06640  i_LSST  25.08167  0.82715
61793.06560  i_LSST  23.94738  0.29098
61793.06340  g_LSST  27.16058  2.95443
61793.06210  g_LSST  25.64526  0.73172
61793.06170  g_LSST  28.50203  10.16379
61793.06130  g_LSST  26.08016  1.09221
61793.06090  g_LSST  30.03094  41.55449
61793.06000  g_LSST  25.45747  0.61551
61786.10770  z_LSST  24.14961  0.77672
61786.10680  z_LSST  24.62911  1.20799
61786.10640  z_LSST  24.45260  1.02673
61786.10600  z_LSST  24.84785  1.47761
61786.10560  z_LSST  24.25474  0.85569
61786.10480  z_LSST  24.21164  0.82238
61786.10430  z_LSST  24.25327  0.85453
61786.10390  z_LSST  26.77008  8.67863
61786.10350  z_LSST  24.58114  1.15577
61786.10310  z_LSST  24.31616  0.90549
61786.10270  z_LSST  26.16278  4.96054
61786.10230  z_LSST  25.51280  2.72607
61786.10180  z_LSST  23.56817  0.45466
61786.10140  z_LSST  24.14164  0.77104
61786.10060  z_LSST  24.48308  1.05597
61786.10020  z_LSST  24.41393  0.99081
61786.09980  z_LSST  23.49866  0.42646
61786.09930  z_LSST  23.42886  0.39991
61786.09890  z_LSST  23.83367  0.58061
61786.09850  z_LSST  25.93570  4.02436
61786.09810  z_LSST  24.41615  0.99284
61786.08740  r_LSST  26.35339  1.67779
61786.08700  r_LSST  26.18261  1.43359
61786.08620  r_LSST  26.33430  1.64854
61786.08580  r_LSST  30.31731  64.61040
61786.08540  r_LSST  25.31133  0.64256
61786.08450  r_LSST  26.21899  1.48244
61786.08410  r_LSST  26.22350  1.48861
61786.08370  r_LSST  26.27436  1.56000
61786.08290  r_LSST  27.01010  3.07201
61786.08160  r_LSST  24.75914  0.38640
61786.08080  r_LSST  26.67193  2.24984
61786.08040  r_LSST  25.25539  0.61029
61786.07990  r_LSST  26.70140  2.31175
61786.07950  r_LSST  25.11256  0.53506
61786.07770  i_LSST  25.77628  1.47406
61786.07730  i_LSST  26.00631  1.82191
61786.07690  i_LSST  24.38565  0.40951
61786.07650  i_LSST  24.71487  0.55457
61786.07610  i_LSST  24.83530  0.61962
61786.07570  i_LSST  26.56061  3.03563
61786.07520  i_LSST  25.92714  1.69379
61786.07480  i_LSST  26.20375  2.18526
61786.07440  i_LSST  24.99516  0.71791
61786.07400  i_LSST  26.47639  2.80905
61786.07360  i_LSST  24.89127  0.65240
61786.07320  i_LSST  24.79433  0.59667
61786.07270  i_LSST  24.55924  0.48051
61786.07230  i_LSST  24.89020  0.65175
61786.07190  i_LSST  24.62450  0.51028
61786.07150  i_LSST  24.28217  0.37228
61786.07110  i_LSST  25.93414  1.70475
61786.07020  i_LSST  25.31373  0.96271
61786.06980  i_LSST  24.39322  0.41238
61786.06800  g_LSST  25.32214  0.43994
61786.06720  g_LSST  26.83563  1.77333
61786.06680  g_LSST  27.43548  3.08128
61786.06640  g_LSST  28.74483  10.29136
61786.06550  g_LSST  26.21456  1.00084
61786.06430  g_LSST  26.95905  1.98683
61784.14360  z_LSST  23.62223  0.65734
61784.14320  z_LSST  23.84965  0.81052
61784.14280  z_LSST  23.66624  0.68454
61784.14200  z_LSST  23.94451  0.88451
61784.14160  z_LSST  25.64816  4.24782
61784.14110  z_LSST  25.37468  3.30198
61784.14070  z_LSST  24.24941  1.17129
61784.14030  z_LSST  25.90356  5.37433
61784.13990  z_LSST  23.89716  0.84677
61784.13910  z_LSST  25.51481  3.75685
61784.13860  z_LSST  26.60282  10.23365
61784.13820  z_LSST  23.46305  0.56770
61784.13740  z_LSST  24.62386  1.65366
61784.13660  z_LSST  23.38106  0.52641
61784.13570  z_LSST  23.65761  0.67912
61784.13530  z_LSST  22.96563  0.35905
61784.13490  z_LSST  24.11167  1.03174
61784.13450  z_LSST  24.70304  1.77876
61784.13410  z_LSST  23.84706  0.80858
61784.10510  r_LSST  25.85829  2.17561
61784.10470  r_LSST  25.49312  1.55422
61784.10340  r_LSST  24.52465  0.63697
61784.10220  r_LSST  27.78437  12.82360
61784.10180  r_LSST  24.01080  0.39681
61784.09970  r_LSST  25.78660  2.03659
61784.09890  r_LSST  23.99686  0.39175
61784.09840  r_LSST  24.72254  0.76432
61784.09760  r_LSST  24.52270  0.63583
61784.08660  i_LSST  26.07642  2.55950
61784.08620  i_LSST  25.59734  1.64635
61784.08580  i_LSST  24.60716  0.66138
61784.08540  i_LSST  23.97873  0.37075
61784.08500  i_LSST  25.35660  1.31894
61784.08460  i_LSST  25.50274  1.50897
61784.08410  i_LSST  27.00492  6.01942
61784.08370  i_LSST  25.11311  1.05397
61784.08330  i_LSST  24.83515  0.81592
61784.08290  i_LSST  23.89491  0.34320
61784.08250  i_LSST  25.24062  1.18532
61784.08210  i_LSST  24.48318  0.59001
61784.08160  i_LSST  28.19959  18.08932
61784.08120  i_LSST  27.10563  6.60446
61784.08080  i_LSST  25.08916  1.03098
61784.08040  i_LSST  25.99413  2.37268
61784.08000  i_LSST  27.66854  11.09181
61784.07960  i_LSST  25.91280  2.20143
61784.07910  i_LSST  25.92050  2.21710
61784.07870  i_LSST  24.44545  0.56986
61784.06810  g_LSST  26.13503  1.34823
61784.06770  g_LSST  26.21308  1.44872
61784.06690  g_LSST  25.82695  1.01516
61784.06650  g_LSST  26.92572  2.79281
61784.06560  g_LSST  25.31443  0.63318
61784.06520  g_LSST  25.81519  1.00422
61784.06480  g_LSST  27.11496  3.32458
61784.06440  g_LSST  25.19216  0.56574
61771.10090  z_LSST  24.24812  0.80794
61771.10010  z_LSST  23.70864  0.49157
61771.09970  z_LSST  23.79761  0.53355
61771.09930  z_LSST  24.52253  1.04025
61771.09880  z_LSST  24.09940  0.70451
61771.09840  z_LSST  25.27912  2.08822
61771.09800  z_LSST  24.02060  0.65519
61771.09760  z_LSST  23.70560  0.49020
61771.09720  z_LSST  24.51035  1.02865
61771.09680  z_LSST  24.16331  0.74723
61771.09630  z_LSST  24.31643  0.86040
61771.09590  z_LSST  23.46511  0.39280
61771.09550  z_LSST  24.06041  0.67966
61771.09510  z_LSST  23.97287  0.62701
61771.09470  z_LSST  23.68402  0.48055
61771.09420  z_LSST  22.91488  0.23664
61771.09380  z_LSST  23.19357  0.30588
61771.09340  z_LSST  24.19915  0.77230
61771.09300  z_LSST  24.18544  0.76261
61771.09260  z_LSST  24.24914  0.80869
61771.09220  z_LSST  25.12929  1.81905
61771.09170  z_LSST  24.39610  0.92591
61771.09130  z_LSST  23.89596  0.58413
61771.08960  u_LSST  26.00880  2.51378
61771.08920  u_LSST  25.96659  2.41793
61771.08800  u_LSST  25.87291  2.21807
61771.08770  u_LSST  26.21196  3.03104
61771.08510  r_LSST  25.98052  1.57328
61771.08430  r_LSST  24.68367  0.47650
61771.08390  r_LSST  25.28714  0.83072
61771.08340  r_LSST  25.81694  1.35325
61771.08300  r_LSST  25.28499  0.82908
61771.08260  r_LSST  25.34847  0.87900
61771.08220  r_LSST  26.01695  1.62697
61771.08180  r_LSST  25.66161  1.17285
61771.08140  r_LSST  24.59888  0.44071
61771.08050  r_LSST  25.65894  1.16998
61771.08010  r_LSST  25.22307  0.78312
61771.07890  r_LSST  25.66232  1.17362
61771.07840  r_LSST  25.58144  1.08937
61771.07800  r_LSST  25.49695  1.00781
61771.07720  r_LSST  25.81156  1.34656
61771.07540  i_LSST  24.38759  0.41745
61771.07500  i_LSST  24.16196  0.33912
61771.07460  i_LSST  24.76936  0.59335
61771.07420  i_LSST  24.05989  0.30869
61771.07370  i_LSST  24.48788  0.45785
61771.07330  i_LSST  24.42435  0.43182
61771.07290  i_LSST  24.24359  0.36560
61771.07250  i_LSST  24.57515  0.49617
61771.07210  i_LSST  24.63387  0.52374
61771.07170  i_LSST  23.92281  0.27208
61771.07120  i_LSST  24.99747  0.73208
61771.07080  i_LSST  24.36538  0.40900
61771.07040  i_LSST  24.14123  0.33271
61771.07000  i_LSST  24.44247  0.43909
61771.06960  i_LSST  25.46160  1.12255
61771.06910  i_LSST  24.51704  0.47031
61771.06870  i_LSST  24.31563  0.39068
61771.06830  i_LSST  24.25549  0.36963
61771.06790  i_LSST  24.37756  0.41361
61771.06750  i_LSST  25.05031  0.76858
61771.06440  g_LSST  25.96744  0.79588
61771.06400  g_LSST  26.98731  2.03610
61771.06280  g_LSST  27.10232  2.26361
61771.06240  g_LSST  26.21114  0.99617
61771.06190  g_LSST  28.07093  5.52392
61764.09800  z_LSST  23.97804  0.40108
61764.09760  z_LSST  24.04677  0.42729
61764.09710  z_LSST  24.27418  0.52685
61764.09670  z_LSST  23.62500  0.28974
61764.09630  z_LSST  23.61768  0.28780
61764.09590  z_LSST  23.62895  0.29080
61764.09550  z_LSST  23.72661  0.31817
61764.09500  z_LSST  24.40658  0.59517
61764.09460  z_LSST  23.33475  0.22177
61764.09420  z_LSST  24.66379  0.75427
61764.09380  z_LSST  23.37266  0.22966
61764.09340  z_LSST  24.19146  0.48820
61764.09300  z_LSST  24.27998  0.52967
61764.09250  z_LSST  24.02688  0.41953
61764.09210  z_LSST  24.30052  0.53978
61764.09170  z_LSST  23.80965  0.34346
61764.09130  z_LSST  23.93442  0.38528
61764.09090  z_LSST  23.37234  0.22959
61764.09050  z_LSST  23.40323  0.23621
61764.09000  z_LSST  24.15811  0.47343
61764.08960  z_LSST  23.92459  0.38181
61764.08920  z_LSST  23.38698  0.23270
61764.08880  z_LSST  23.48832  0.25547
61764.08840  z_LSST  24.07220  0.43741
61764.08580  u_LSST  25.69370  0.99335
61764.08470  u_LSST  27.80129  6.92046
61764.08430  u_LSST  27.23491  4.10755
61764.08220  r_LSST  28.03954  5.42631
61764.08170  r_LSST  27.80587  4.37558
61764.08130  r_LSST  25.30816  0.43848
61764.08090  r_LSST  25.08486  0.35697
61764.08050  r_LSST  25.20912  0.40026
61764.08010  r_LSST  24.90565  0.30265
61764.07970  r_LSST  24.94517  0.31387
61764.07920  r_LSST  25.43980  0.49500
61764.07880  r_LSST  24.68408  0.24679
61764.07840  r_LSST  25.89066  0.74981
61764.07800  r_LSST  25.22843  0.40744
61764.07760  r_LSST  25.19421  0.39479
61764.07710  r_LSST  25.19073  0.39353
61764.07670  r_LSST  24.99710  0.32925
61764.07630  r_LSST  25.10668  0.36422
61764.07590  r_LSST  24.85668  0.28931
61764.07550  r_LSST  25.15888  0.38216
61764.07510  r_LSST  24.91997  0.30667
61764.07460  r_LSST  24.90889  0.30356
61764.07420  r_LSST  24.92042  0.30680
61764.07240  i_LSST  23.94893  0.16730
61764.07200  i_LSST  24.03169  0.18055
61764.07160  i_LSST  24.18754  0.20842
61764.07120  i_LSST  24.14300  0.20005
61764.07080  i_LSST  24.30180  0.23155
61764.07040  i_LSST  24.19017  0.20893
61764.06990  i_LSST  24.05734  0.18487
61764.06950  i_LSST  23.96835  0.17032
61764.06910  i_LSST  24.38728  0.25052
61764.06870  i_LSST  24.11538  0.19502
61764.06820  i_LSST  24.29652  0.23043
61764.06780  i_LSST  24.26301  0.22343
61764.06740  i_LSST  24.60981  0.30751
61764.06700  i_LSST  23.87614  0.15645
61764.06660  i_LSST  23.92579  0.16377
61764.06620  i_LSST  24.05235  0.18402
61764.06570  i_LSST  24.11914  0.19570
61764.06530  i_LSST  23.78310  0.14361
61764.06490  i_LSST  24.18771  0.20846
61764.06450  i_LSST  23.79110  0.14467
61764.06270  g_LSST  25.80518  0.50104
61764.06230  g_LSST  26.40196  0.86814
61764.06190  g_LSST  29.63501  17.05327
61764.06100  g_LSST  26.14566  0.68560
61764.06020  g_LSST  25.93809  0.56629
61764.05980  g_LSST  26.20850  0.72644
61764.05940  g_LSST  27.32217  2.02615
61764.05900  g_LSST  28.20073  4.55089
61756.09920  z_LSST  23.71025  0.30938
61756.09880  z_LSST  23.57966  0.27432
61756.09840  z_LSST  23.48379  0.25113
61756.09800  z_LSST  23.34537  0.22107
61756.09760  z_LSST  24.22351  0.49636
61756.09710  z_LSST  24.13720  0.45843
61756.09670  z_LSST  23.74068  0.31817
61756.09630  z_LSST  24.27130  0.51869
61756.09590  z_LSST  24.01367  0.40913
61756.09550  z_LSST  24.62483  0.71832
61756.09510  z_LSST  23.10938  0.17789
61756.09460  z_LSST  23.47329  0.24872
61756.09420  z_LSST  23.98452  0.39829
61756.09380  z_LSST  24.05681  0.42571
61756.09340  z_LSST  23.41554  0.23583
61756.09300  z_LSST  23.89961  0.36833
61756.09260  z_LSST  23.30270  0.21255
61756.09210  z_LSST  24.17916  0.47649
61756.09170  z_LSST  23.41891  0.23657
61756.09130  z_LSST  23.81699  0.34134
61756.09090  z_LSST  23.36989  0.22612
61756.09050  z_LSST  23.46368  0.24652
61756.09000  z_LSST  24.33831  0.55172
61756.08960  z_LSST  23.35509  0.22306
61756.07890  r_LSST  24.68148  0.26719
61756.07850  r_LSST  24.25930  0.18111
61756.07810  r_LSST  24.66127  0.26226
61756.07770  r_LSST  24.80597  0.29965
61756.07730  r_LSST  25.00952  0.36144
61756.07690  r_LSST  24.70336  0.27263
61756.07640  r_LSST  24.47211  0.22033
61756.07600  r_LSST  24.48467  0.22289
61756.07560  r_LSST  24.58267  0.24394
61756.07520  r_LSST  24.85661  0.31395
61756.07480  r_LSST  24.71947  0.27670
61756.07430  r_LSST  25.01636  0.36372
61756.07390  r_LSST  24.68514  0.26809
61756.07350  r_LSST  24.68212  0.26734
61756.07310  r_LSST  25.13842  0.40699
61756.07270  r_LSST  24.90999  0.32977
61756.07230  r_LSST  24.59712  0.24721
61756.07180  r_LSST  24.68162  0.26722
61756.07140  r_LSST  24.63831  0.25677
61756.07100  r_LSST  24.72331  0.27768
61756.06920  i_LSST  23.99794  0.25621
61756.06880  i_LSST  23.98484  0.25313
61756.06840  i_LSST  23.75815  0.20544
61756.06800  i_LSST  23.90890  0.23603
61756.06760  i_LSST  24.03899  0.26608
61756.06710  i_LSST  24.01600  0.26051
61756.06670  i_LSST  24.08273  0.27702
61756.06630  i_LSST  23.87591  0.22897
61756.06590  i_LSST  24.07722  0.27561
61756.06550  i_LSST  23.78583  0.21074
61756.06500  i_LSST  24.20733  0.31070
61756.06460  i_LSST  23.82602  0.21869
61756.06420  i_LSST  23.61164  0.17950
61756.06380  i_LSST  23.98645  0.25351
61756.06340  i_LSST  23.74580  0.20311
61756.06300  i_LSST  23.68043  0.19124
61756.06250  i_LSST  24.07730  0.27564
61756.06210  i_LSST  24.25056  0.32332
61756.06170  i_LSST  23.56937  0.17265
61756.06130  i_LSST  23.65758  0.18726
61756.05950  g_LSST  26.08780  0.75749
61756.05910  g_LSST  26.73088  1.36965
61756.05870  g_LSST  27.37894  2.48789
61756.05780  g_LSST  26.02042  0.71191
61756.05700  g_LSST  26.31429  0.93320
61756.05660  g_LSST  26.58229  1.19446
61756.05580  g_LSST  28.85364  9.67635
61754.18760  z_LSST  23.90276  0.54608
61754.18720  z_LSST  23.56244  0.39914
61754.18680  z_LSST  23.44214  0.35728
61754.18640  z_LSST  23.91137  0.55042
61754.18600  z_LSST  23.18249  0.28128
61754.18550  z_LSST  23.18251  0.28129
61754.18510  z_LSST  23.67114  0.44117
61754.18470  z_LSST  24.73098  1.17096
61754.18430  z_LSST  23.28270  0.30848
61754.18390  z_LSST  23.49754  0.37598
61754.18350  z_LSST  23.23993  0.29657
61754.18300  z_LSST  24.61486  1.05219
61754.18260  z_LSST  23.89442  0.54190
61754.18220  z_LSST  24.00054  0.59754
61754.18180  z_LSST  23.38576  0.33920
61754.18140  z_LSST  24.08799  0.64766
61754.18100  z_LSST  23.73306  0.46706
61754.18050  z_LSST  23.73917  0.46970
61754.18010  z_LSST  23.36967  0.33421
61754.17970  z_LSST  23.52666  0.38620
61754.17930  z_LSST  25.06959  1.59951
61754.17890  z_LSST  24.98483  1.47939
61754.17850  z_LSST  24.20829  0.72354
61754.17800  z_LSST  24.33876  0.81593
61754.11870  r_LSST  23.91790  0.26249
61754.11830  r_LSST  24.59244  0.48858
61754.11790  r_LSST  24.05383  0.29750
61754.11750  r_LSST  24.83691  0.61196
61754.11710  r_LSST  24.72585  0.55246
61754.11660  r_LSST  24.93481  0.66970
61754.11620  r_LSST  26.04573  1.86317
61754.11580  r_LSST  25.24001  0.88708
61754.11540  r_LSST  24.43695  0.42339
61754.11500  r_LSST  24.54058  0.46579
61754.11460  r_LSST  25.04099  0.73851
61754.11410  r_LSST  25.88152  1.60164
61754.11370  r_LSST  24.23761  0.35237
61754.11330  r_LSST  24.23708  0.35220
61754.11290  r_LSST  23.86812  0.25073
61754.11250  r_LSST  24.54527  0.46781
61754.11160  r_LSST  25.69952  1.35447
61754.11120  r_LSST  26.79260  3.70682
61754.11080  r_LSST  24.75121  0.56552
61754.10000  i_LSST  24.00992  0.32956
61754.09960  i_LSST  23.91514  0.30201
61754.09920  i_LSST  23.79343  0.26998
61754.09880  i_LSST  23.71530  0.25124
61754.09840  i_LSST  23.86306  0.28786
61754.09790  i_LSST  24.10103  0.35841
61754.09750  i_LSST  23.50399  0.20680
61754.09710  i_LSST  24.20184  0.39328
61754.09670  i_LSST  23.76509  0.26303
61754.09630  i_LSST  23.70437  0.24872
61754.09580  i_LSST  23.93665  0.30805
61754.09540  i_LSST  24.08752  0.35398
61754.09500  i_LSST  23.44718  0.19626
61754.09460  i_LSST  23.77342  0.26505
61754.09420  i_LSST  23.91212  0.30117
61754.09380  i_LSST  24.19568  0.39105
61754.09330  i_LSST  23.31991  0.17455
61754.09290  i_LSST  23.48224  0.20270
61754.09250  i_LSST  23.67282  0.24160
61754.09210  i_LSST  23.96796  0.31707
61754.07510  g_LSST  25.75300  1.10588
61754.07380  g_LSST  26.67947  2.59593
61754.07300  g_LSST  24.96099  0.53321
61754.07180  g_LSST  27.63048  6.23300
61742.17940  z_LSST  24.20303  0.68773
61742.17900  z_LSST  23.53870  0.37298
61742.17860  z_LSST  23.83759  0.49118
61742.17820  z_LSST  24.42597  0.84448
61742.17780  z_LSST  23.98027  0.56016
61742.17740  z_LSST  23.55245  0.37773
61742.17690  z_LSST  24.68008  1.06717
61742.17650  z_LSST  23.77079  0.46187
61742.17610  z_LSST  23.95088  0.54520
61742.17570  z_LSST  26.08389  3.88827
61742.17530  z_LSST  23.98807  0.56420
61742.17490  z_LSST  23.96720  0.55346
61742.17400  z_LSST  23.89654  0.51858
61742.17360  z_LSST  25.51967  2.31244
61742.17320  z_LSST  24.73263  1.12010
61742.17280  z_LSST  25.49999  2.27090
61742.17240  z_LSST  23.67398  0.42247
61742.17190  z_LSST  24.03279  0.58792
61742.17150  z_LSST  24.32795  0.77158
61742.17070  z_LSST  24.20704  0.69027
61742.17030  z_LSST  23.55648  0.37913
61742.16810  u_LSST  26.86086  3.46134
61742.16730  u_LSST  24.87470  0.55562
61742.16700  u_LSST  26.58269  2.67900
61742.16620  u_LSST  26.81303  3.31214
61742.16580  u_LSST  25.45054  0.94431
61742.16540  u_LSST  25.48940  0.97872
61742.16360  r_LSST  25.02025  0.48792
61742.16320  r_LSST  25.14637  0.54802
61742.16280  r_LSST  25.30267  0.63288
61742.16240  r_LSST  26.41807  1.76798
61742.16200  r_LSST  25.07412  0.51274
61742.16160  r_LSST  24.52788  0.31003
61742.16110  r_LSST  24.79248  0.39559
61742.16070  r_LSST  25.32156  0.64398
61742.16030  r_LSST  25.14192  0.54578
61742.15990  r_LSST  24.68274  0.35756
61742.15950  r_LSST  24.66703  0.35242
61742.15900  r_LSST  25.01586  0.48595
61742.15860  r_LSST  25.02568  0.49037
61742.15820  r_LSST  24.79489  0.39647
61742.15780  r_LSST  25.08641  0.51858
61742.15740  r_LSST  25.61257  0.84194
61742.15700  r_LSST  24.88452  0.43058
61742.15650  r_LSST  26.09496  1.31291
61742.15610  r_LSST  25.98820  1.18996
61742.15570  r_LSST  25.01042  0.48352
61742.15390  i_LSST  24.94337  0.69040
61742.15350  i_LSST  24.96001  0.70106
61742.15310  i_LSST  23.93240  0.27209
61742.15270  i_LSST  24.11537  0.32203
61742.15230  i_LSST  24.65392  0.52883
61742.15180  i_LSST  24.51805  0.46663
61742.15140  i_LSST  24.17034  0.33875
61742.15100  i_LSST  24.84907  0.63296
61742.15060  i_LSST  23.90217  0.26462
61742.15020  i_LSST  25.70622  1.39393
61742.14970  i_LSST  24.40627  0.42098
61742.14930  i_LSST  24.08314  0.31261
61742.14890  i_LSST  24.45281  0.43941
61742.14850  i_LSST  24.59960  0.50303
61742.14810  i_LSST  25.15259  0.83712
61742.14770  i_LSST  25.24648  0.91273
61742.14720  i_LSST  24.16094  0.33584
61742.14680  i_LSST  25.99548  1.81945
61742.14640  i_LSST  24.29797  0.38101
61742.14600  i_LSST  25.31585  0.97295
61742.14420  g_LSST  26.79214  1.72770
61742.14380  g_LSST  27.31784  2.80381
61742.14300  g_LSST  30.77081  67.44304
61742.14260  g_LSST  26.20139  1.00269
61742.14210  g_LSST  26.00729  0.83855
61742.14130  g_LSST  25.79918  0.69228
61742.14090  g_LSST  26.36197  1.16252
61742.14050  g_LSST  27.94821  5.01065
61742.13070  z_LSST  23.90546  0.52286
61742.10210  i_LSST  24.36710  0.40606
61735.15380  z_LSST  24.91326  0.96127
61735.15330  z_LSST  24.74664  0.82451
61735.15290  z_LSST  24.35562  0.57516
61735.15250  z_LSST  23.98870  0.41022
61735.15210  z_LSST  25.60714  1.82135
61735.15170  z_LSST  25.75683  2.09060
61735.15120  z_LSST  25.39436  1.49721
61735.15040  z_LSST  23.81041  0.34810
61735.14960  z_LSST  24.37833  0.58731
61735.14920  z_LSST  25.98689  2.58400
61735.14870  z_LSST  24.62502  0.73714
61735.14750  z_LSST  25.85455  2.28749
61735.14710  z_LSST  24.56554  0.69784
61735.14660  z_LSST  26.60370  4.56057
61735.14620  z_LSST  26.79138  5.42112
61735.14540  z_LSST  27.18863  7.81611
61735.14500  z_LSST  24.27348  0.53325
61735.14450  z_LSST  24.59056  0.71411
61735.14240  u_LSST  25.81394  1.03412
61735.14200  u_LSST  28.83405  16.69614
61735.14160  u_LSST  25.75770  0.98192
61735.14120  u_LSST  25.84772  1.06680
61735.14080  u_LSST  30.32077  65.66006
61735.14010  u_LSST  25.73475  0.96138
61735.13790  r_LSST  26.89837  2.34689
61735.13750  r_LSST  25.07552  0.43788
61735.13710  r_LSST  25.49546  0.64466
61735.13670  r_LSST  26.86636  2.27871
61735.13630  r_LSST  25.17923  0.48177
61735.13580  r_LSST  25.75717  0.82037
61735.13540  r_LSST  25.89700  0.93314
61735.13500  r_LSST  25.14584  0.46717
61735.13460  r_LSST  25.81159  0.86254
61735.13420  r_LSST  25.02491  0.41793
61735.13370  r_LSST  26.48406  1.60239
61735.13330  r_LSST  26.45454  1.55941
61735.13290  r_LSST  26.52534  1.66448
61735.13250  r_LSST  25.73486  0.80369
61735.13210  r_LSST  25.81132  0.86233
61735.13160  r_LSST  25.77218  0.83180
61735.13120  r_LSST  26.17428  1.20464
61735.13040  r_LSST  25.60414  0.71253
61735.12820  i_LSST  26.22964  1.92920
61735.12780  i_LSST  24.49825  0.39158
61735.12740  i_LSST  25.02341  0.63517
61735.12700  i_LSST  24.80683  0.52030
61735.12650  i_LSST  24.81761  0.52549
61735.12610  i_LSST  25.08469  0.67205
61735.12570  i_LSST  26.05722  1.64592
61735.12530  i_LSST  24.77396  0.50478
61735.12490  i_LSST  24.76733  0.50171
61735.12450  i_LSST  25.14562  0.71083
61735.12400  i_LSST  24.33183  0.33593
61735.12360  i_LSST  24.89587  0.56477
61735.12320  i_LSST  24.91380  0.57417
61735.12280  i_LSST  25.69255  1.17636
61735.12230  i_LSST  25.59069  1.07102
61735.12190  i_LSST  26.75604  3.13282
61735.12110  i_LSST  25.51702  1.00076
61735.12070  i_LSST  24.97411  0.60697
61735.12030  i_LSST  24.76506  0.50066
61735.11850  g_LSST  26.56974  1.32013
61735.11720  g_LSST  28.44518  7.42667
61735.11680  g_LSST  25.83921  0.67361
61735.11640  g_LSST  26.32485  1.05357
61735.11560  g_LSST  25.66674  0.57467
61735.11510  g_LSST  27.12171  2.19485
61727.16720  z_LSST  23.53500  0.39899
61727.16600  z_LSST  24.95257  1.47229
61727.16510  z_LSST  27.65796  17.78891
61727.16470  z_LSST  23.96168  0.59107
61727.16430  z_LSST  24.56114  1.02665
61727.16300  z_LSST  24.78252  1.25885
61727.16100  z_LSST  24.69127  1.15737
61727.15930  z_LSST  26.02452  3.95161
61727.15890  z_LSST  26.38040  5.48437
61727.14820  r_LSST  27.08276  5.35032
61727.14780  r_LSST  28.43884  18.65581
61727.14740  r_LSST  24.85065  0.68476
61727.14690  r_LSST  26.99763  4.94685
61727.14610  r_LSST  25.27434  1.01161
61727.14490  r_LSST  25.44820  1.18729
61727.14270  r_LSST  27.25805  6.28778
61727.14230  r_LSST  25.95653  1.89623
61727.14150  r_LSST  25.80297  1.64614
61727.13680  i_LSST  24.27696  0.61153
61727.13640  i_LSST  27.51025  12.01532
61727.13550  i_LSST  24.87117  1.05707
61727.13510  i_LSST  24.37439  0.66895
61727.13430  i_LSST  25.20942  1.44346
61727.13390  i_LSST  25.29379  1.56010
61727.13220  i_LSST  25.62406  2.11476
61727.13140  i_LSST  24.80231  0.99211
61727.13090  i_LSST  24.08431  0.51211
61727.12790  g_LSST  26.94626  2.73542
61727.12750  g_LSST  28.39721  10.40888
61727.12710  g_LSST  26.44751  1.72793
61727.12500  g_LSST  24.92558  0.42536
61721.05680  z_LSST  23.86203  0.64938
61721.05600  z_LSST  24.51894  1.18921
61721.05550  z_LSST  27.88283  26.35226
61721.05510  z_LSST  26.81068  9.81648
61721.05470  z_LSST  24.33782  1.00649
61721.05430  z_LSST  23.40940  0.42800
61721.05350  z_LSST  25.04318  1.92733
61721.05300  z_LSST  24.34179  1.01018
61721.05220  z_LSST  25.80539  3.88904
61721.05050  z_LSST  25.95204  4.45145
61721.05010  z_LSST  24.95236  1.77268
61721.04970  z_LSST  24.34845  1.01640
61721.04930  z_LSST  23.47578  0.45499
61721.04890  z_LSST  24.89593  1.68290
61721.04850  z_LSST  25.48761  2.90221
61721.04800  z_LSST  27.15966  13.53783
61721.03660  r_LSST  25.17229  1.28870
61721.03610  r_LSST  25.35375  1.52313
61721.03570  r_LSST  26.46996  4.25813
61721.03450  r_LSST  27.73200  13.61551
61721.03410  r_LSST  24.05113  0.45887
61720.33250  r_LSST  25.31255  1.46641
61720.33210  r_LSST  26.14220  3.14859
61720.33120  r_LSST  25.73071  2.15536
61720.33080  r_LSST  29.32536  59.07157
61720.33040  r_LSST  24.74162  0.86673
61720.32820  i_LSST  25.13956  1.25776
61720.32780  i_LSST  25.72258  2.15182
61720.32740  i_LSST  24.16114  0.51077
61720.32690  i_LSST  26.73908  5.48792
61720.32610  i_LSST  25.21266  1.34536
61720.32490  i_LSST  24.79574  0.91637
61720.32320  i_LSST  25.40615  1.60781
61720.32240  i_LSST  26.04141  2.88629
61720.32190  i_LSST  25.27670  1.42711
61720.32070  i_LSST  24.43999  0.66035
61720.31810  g_LSST  27.82715  10.35111
61720.31720  g_LSST  27.10417  5.31859
61720.31680  g_LSST  27.33659  6.58815
61720.31640  g_LSST  26.01602  1.95226
61720.31600  g_LSST  25.57253  1.29761
61714.11240  i_LSST  25.25579  0.74888
61714.08810  r_LSST  28.41035  9.81181
61713.21630  z_LSST  26.18218  2.97794
61713.21590  z_LSST  25.63639  1.80135
61713.21470  z_LSST  26.24007  3.14101
61713.21340  z_LSST  25.95547  2.41674
61713.21300  z_LSST  25.98755  2.48921
61713.21170  z_LSST  26.72312  4.90106
61713.21050  z_LSST  25.40102  1.45027
61713.20880  z_LSST  25.80617  2.10626
61713.20710  z_LSST  26.75103  5.02871
61713.20670  z_LSST  25.79103  2.07710
61713.20460  u_LSST  28.21818  8.24898
61713.20380  u_LSST  25.49075  0.66900
61713.20340  u_LSST  26.04319  1.11276
61713.20230  u_LSST  25.32861  0.57620
61713.19720  r_LSST  25.74735  0.92385
61713.19680  r_LSST  25.01310  0.46979
61713.19630  r_LSST  27.07299  3.13227
61713.19550  r_LSST  25.56653  0.78212
61713.19460  r_LSST  26.31114  1.55282
61713.19420  r_LSST  28.22180  9.02367
61713.19300  r_LSST  25.34702  0.63895
61713.19260  r_LSST  25.36005  0.64667
61713.19080  i_LSST  25.48131  0.99926
61713.18990  i_LSST  25.33937  0.87681
61713.18870  i_LSST  27.99580  10.12690
61713.18790  i_LSST  28.75752  20.42508
61713.18660  i_LSST  25.43221  0.95507
61713.18620  i_LSST  25.66685  1.18548
61713.18530  i_LSST  25.15726  0.74141
61713.18490  i_LSST  24.82901  0.54797
61713.18370  i_LSST  24.82137  0.54413
61713.18330  i_LSST  26.64791  2.92629
61713.18280  i_LSST  26.58878  2.77118
61713.17940  g_LSST  26.15654  0.92710
61713.17810  g_LSST  27.22757  2.48622
61713.17730  g_LSST  26.31733  1.07509
61705.23690  z_LSST  24.85845  0.99695
61705.23640  z_LSST  26.50980  4.56266
61705.23560  z_LSST  27.16456  8.33908
61705.23520  z_LSST  27.14849  8.21662
61705.23390  z_LSST  27.12959  8.07477
61705.23350  z_LSST  25.49634  1.79405
61705.23310  z_LSST  24.95584  1.09052
61705.23270  z_LSST  24.77932  0.92688
61705.23140  z_LSST  25.42231  1.67579
61705.23100  z_LSST  26.04920  2.98522
61705.22980  z_LSST  24.43664  0.67601
61705.22760  z_LSST  24.71346  0.87233
61705.22550  u_LSST  25.93923  1.23223
61705.22470  u_LSST  25.55247  0.86296
61705.22360  u_LSST  26.16498  1.51702
61705.22100  r_LSST  27.66687  4.36154
61705.22020  r_LSST  25.98288  0.92479
61705.21890  r_LSST  25.73810  0.73813
61705.21810  r_LSST  26.66875  1.73936
61705.21640  r_LSST  26.65195  1.71266
61705.21430  r_LSST  26.50168  1.49129
61705.21390  r_LSST  26.39645  1.35354
61705.21310  r_LSST  25.54360  0.61707
61705.21130  i_LSST  27.77581  7.55323
61705.21090  i_LSST  26.33064  1.99556
61705.21050  i_LSST  25.44759  0.88480
61705.21010  i_LSST  27.00440  3.71166
61705.20920  i_LSST  25.52454  0.94978
61705.20880  i_LSST  27.19957  4.44256
61705.20710  i_LSST  26.77951  3.01725
61705.20460  i_LSST  25.68858  1.10469
61705.20420  i_LSST  26.90739  3.39438
61705.20340  i_LSST  26.04275  1.53076
61705.20030  g_LSST  26.71347  1.42503
61705.19990  g_LSST  27.19230  2.21490
61705.19950  g_LSST  26.95287  1.77658
61705.19870  g_LSST  26.63129  1.32115
61705.19830  g_LSST  25.89203  0.66873
61705.19780  g_LSST  28.80086  9.74496
61698.17940  z_LSST  25.24397  1.34421
61698.17900  z_LSST  27.67616  12.62817
61698.17850  z_LSST  26.97352  6.61128
61698.17690  z_LSST  24.90373  0.98258
61698.17640  z_LSST  25.63409  1.92536
61698.17560  z_LSST  26.78004  5.53216
61698.17520  z_LSST  25.09042  1.16693
61698.17480  z_LSST  25.25379  1.35642
61698.17350  z_LSST  24.27926  0.55282
61698.17310  z_LSST  25.09007  1.16656
61698.17230  z_LSST  25.88992  2.43694
61698.17190  z_LSST  25.68380  2.01557
61698.16980  z_LSST  24.90533  0.98403
61698.15910  r_LSST  25.77713  1.18636
61698.15830  r_LSST  26.30060  1.92134
61698.15780  r_LSST  24.97648  0.56749
61698.15740  r_LSST  26.57184  2.46661
61698.15700  r_LSST  24.83060  0.49614
61698.15620  r_LSST  27.30550  4.84805
61698.15530  r_LSST  26.50059  2.30995
61698.15450  r_LSST  25.57347  0.98345
61698.15410  r_LSST  27.40040  5.29083
61698.15370  r_LSST  25.98905  1.44206
61698.15280  r_LSST  24.87480  0.51676
61698.15200  r_LSST  25.69650  1.10145
61698.15120  r_LSST  27.17668  4.30563
61698.14940  i_LSST  26.43426  2.38563
61698.14850  i_LSST  25.74912  1.26926
61698.14810  i_LSST  28.84950  22.06488
61698.14770  i_LSST  27.95308  9.66348
61698.14690  i_LSST  25.62344  1.13051
61698.14650  i_LSST  26.88577  3.61585
61698.14600  i_LSST  26.09828  1.75070
61698.14520  i_LSST  24.71311  0.48881
61698.14480  i_LSST  27.41067  5.86367
61698.14400  i_LSST  27.75017  8.01624
61698.14310  i_LSST  27.07701  4.31226
61698.14190  i_LSST  25.92896  1.49791
61698.14150  i_LSST  26.11860  1.78378
61698.13880  g_LSST  26.61868  1.13910
61698.13800  g_LSST  26.41516  0.94440
61698.13760  g_LSST  32.60395  282.27422
61698.13720  g_LSST  26.85321  1.41376
61698.13630  g_LSST  26.48350  1.00575
61698.13590  g_LSST  26.07888  0.69285
61692.14370  z_LSST  23.96750  0.74856
61692.14330  z_LSST  25.30932  2.57603
61692.14290  z_LSST  25.39881  2.79737
61692.14250  z_LSST  24.52355  1.24924
61692.14200  z_LSST  23.36260  0.42881
61692.14120  z_LSST  24.23901  0.96123
61692.14080  z_LSST  24.48127  1.20153
61692.14040  z_LSST  27.86891  27.21390
61692.13950  z_LSST  24.07035  0.82293
61692.13790  z_LSST  23.84875  0.67101
61692.13660  z_LSST  26.40468  7.06474
61692.13620  z_LSST  23.82422  0.65602
61692.13580  z_LSST  25.26782  2.47943
61692.13540  z_LSST  24.28054  0.99872
61692.13500  z_LSST  24.09905  0.84498
61692.13410  z_LSST  24.08105  0.83108
61692.12350  r_LSST  27.77446  17.31821
61692.12310  r_LSST  25.42616  1.99152
61692.12220  r_LSST  25.57717  2.28869
61692.12100  r_LSST  25.33134  1.82497
61692.12010  r_LSST  23.93877  0.50609
61692.11930  r_LSST  24.30002  0.70587
61692.11890  r_LSST  26.53957  5.55323
61692.11850  r_LSST  23.98715  0.52915
61692.11720  r_LSST  24.96194  1.29866
61692.11680  r_LSST  31.52137  546.09235
61692.11640  r_LSST  24.54702  0.88619
61692.11600  r_LSST  24.99242  1.33563
61692.11560  r_LSST  27.02004  8.64440
61692.11340  i_LSST  24.09968  0.66848
61692.11290  i_LSST  25.79373  3.18208
61692.11170  i_LSST  24.27507  0.78568
61692.11130  i_LSST  23.94572  0.58011
61692.11090  i_LSST  24.30128  0.80488
61692.11040  i_LSST  24.46965  0.93990
61692.11000  i_LSST  29.41097  89.04422
61692.10920  i_LSST  24.88892  1.38289
61692.10840  i_LSST  24.95490  1.46953
61692.10790  i_LSST  26.13061  4.33973
61692.10750  i_LSST  28.64282  43.88823
61692.10670  i_LSST  23.91390  0.56335
61692.10630  i_LSST  26.40033  5.56355
61692.10590  i_LSST  25.15309  1.76382
61692.10370  g_LSST  26.26206  5.49222
61692.10320  g_LSST  25.35716  2.38665
61692.10200  g_LSST  27.09066  11.78120
61683.33760  z_LSST  25.30722  1.59568
61683.33710  z_LSST  24.74991  0.95503
61683.33670  z_LSST  29.02358  48.92043
61683.33630  z_LSST  26.04152  3.13809
61683.33590  z_LSST  24.74317  0.94912
61683.33460  z_LSST  24.77201  0.97467
61683.33420  z_LSST  25.27511  1.54918
61683.33340  z_LSST  24.93749  1.13515
61683.33130  z_LSST  24.17018  0.55992
61683.33050  z_LSST  25.90856  2.77639
61683.33010  z_LSST  24.75397  0.95861
61683.32960  z_LSST  28.84848  41.63404
61683.32840  z_LSST  24.90874  1.10549
61683.32620  u_LSST  27.09148  4.29481
61683.32580  u_LSST  28.77207  20.19195
61683.32540  u_LSST  25.80260  1.31036
61683.32510  u_LSST  26.15462  1.81217
61683.32470  u_LSST  26.00097  1.57304
61683.32390  u_LSST  26.88768  3.55977
61683.32180  r_LSST  25.74257  0.86093
61683.32130  r_LSST  25.62008  0.76908
61683.31970  r_LSST  27.01855  2.78844
61683.31880  r_LSST  26.86075  2.41126
61683.31760  r_LSST  27.24018  3.41990
61683.31630  r_LSST  25.97856  1.06995
61683.31420  r_LSST  26.06566  1.15932
61683.31380  r_LSST  25.50453  0.69144
61683.31200  i_LSST  26.33187  2.43061
61683.31080  i_LSST  25.59801  1.23643
61683.30910  i_LSST  25.90344  1.63810
61683.30870  i_LSST  26.95482  4.31414
61683.30790  i_LSST  27.04664  4.69487
61683.30740  i_LSST  25.16809  0.83215
61683.30580  i_LSST  24.68303  0.53233
61683.30540  i_LSST  24.72703  0.55434
61683.30490  i_LSST  28.52059  18.24746
61683.30190  g_LSST  27.00599  1.53745
61683.30110  g_LSST  28.24906  4.83091
61683.30070  g_LSST  29.63705  17.34700
61683.30020  g_LSST  33.11467  426.84883
61683.29980  g_LSST  26.32571  0.82165
61678.21330  i_LSST  27.32692  4.94455
61676.32020  z_LSST  24.44557  0.62159
61676.31980  z_LSST  24.12796  0.46394
61676.31900  z_LSST  25.44470  1.56012
61676.31860  z_LSST  24.45965  0.62970
61676.31810  z_LSST  24.78084  0.84647
61676.31730  z_LSST  25.26076  1.31698
61676.31690  z_LSST  24.37282  0.58131
61676.31650  z_LSST  27.06940  6.96683
61676.31520  z_LSST  25.41093  1.51233
61676.31400  z_LSST  25.62286  1.83832
61676.31350  z_LSST  24.46885  0.63506
61676.31190  z_LSST  24.39970  0.59588
61676.31150  z_LSST  26.84436  5.66265
61676.30890  u_LSST  26.77766  2.99034
61676.30850  u_LSST  27.64450  6.64445
61676.30690  u_LSST  26.20275  1.76099
61676.30620  u_LSST  26.65290  2.66573
61676.30440  r_LSST  26.41664  1.20296
61676.30400  r_LSST  26.94566  1.95821
61676.30310  r_LSST  27.56393  3.46074
61676.30270  r_LSST  27.10895  2.27602
61676.30150  r_LSST  25.66034  0.59942
61676.30060  r_LSST  26.88910  1.85881
61676.29980  r_LSST  26.44710  1.23718
61676.29900  r_LSST  26.80756  1.72433
61676.29770  r_LSST  27.10004  2.25741
61676.29730  r_LSST  28.06780  5.50444
61676.29430  i_LSST  25.79792  1.09340
61676.29380  i_LSST  25.25596  0.66374
61676.29300  i_LSST  27.46921  5.09681
61676.29050  i_LSST  26.51953  2.12533
61676.28880  i_LSST  26.08886  1.42942
61676.28840  i_LSST  24.59082  0.35970
61676.28800  i_LSST  26.23476  1.63500
61676.28720  i_LSST  26.47952  2.04844
61676.28670  i_LSST  28.53515  13.60422
61676.28410  g_LSST  26.86671  1.22496
61676.28120  g_LSST  27.26188  1.76275
61676.25230  g_LSST  26.35591  0.76525
61673.24930  i_LSST  25.38456  0.61255
61669.24390  z_LSST  26.52318  4.75313
61669.24190  z_LSST  26.38607  4.18926
61669.24100  z_LSST  25.79432  2.42905
61669.24020  z_LSST  24.67437  0.86588
61669.23940  z_LSST  25.21326  1.42237
61669.23890  z_LSST  26.52784  4.77362
61669.23770  z_LSST  24.67966  0.87011
61669.23730  z_LSST  25.94230  2.78375
61669.23690  z_LSST  26.02773  3.01164
61669.23640  z_LSST  25.56719  1.97054
61669.22530  r_LSST  26.65541  3.38166
61669.22490  r_LSST  25.05493  0.77435
61669.22450  r_LSST  28.58911  20.07278
61669.22410  r_LSST  26.13911  2.10188
61669.22280  r_LSST  29.43275  43.65816
61669.22240  r_LSST  25.42887  1.09273
61669.22200  r_LSST  27.30238  6.13648
61669.22160  r_LSST  25.38082  1.04543
61669.22120  r_LSST  26.21293  2.24977
61669.22080  r_LSST  26.25827  2.34571
61669.22030  r_LSST  26.05039  1.93696
61669.21990  r_LSST  24.85519  0.64423
61669.21950  r_LSST  25.84326  1.60055
61669.21870  r_LSST  24.79991  0.61225
61669.21830  r_LSST  26.30812  2.45592
61669.21480  i_LSST  25.26924  1.15171
61669.21440  i_LSST  28.30937  18.94063
61669.21400  i_LSST  25.12651  1.00984
61669.21360  i_LSST  26.03448  2.33045
61669.21310  i_LSST  25.31647  1.20292
61669.21230  i_LSST  25.86268  1.98939
61669.21190  i_LSST  27.71114  10.91705
61669.21110  i_LSST  25.22407  1.10478
61669.21020  i_LSST  28.26544  18.18968
61669.20900  i_LSST  25.42303  1.32696
61669.20810  i_LSST  26.31372  3.01395
61669.20550  g_LSST  25.20288  0.91161
61669.20470  g_LSST  26.03758  1.96647
61669.20430  g_LSST  26.54942  3.15083
61654.37250  z_LSST  26.04867  2.50710
61654.37170  z_LSST  25.47647  1.48011
61654.37130  z_LSST  25.51189  1.52919
61654.37090  z_LSST  24.58172  0.64922
61654.37040  z_LSST  26.01769  2.43658
61654.37000  z_LSST  25.47345  1.47599
61654.36920  z_LSST  27.25245  7.59776
61654.36880  z_LSST  25.66043  1.75338
61654.36840  z_LSST  25.58844  1.64089
61654.36790  z_LSST  26.65323  4.37518
61654.36670  z_LSST  24.91171  0.87981
61654.36500  z_LSST  29.64124  68.58081
61654.36460  z_LSST  24.83567  0.82030
61654.36380  z_LSST  24.12953  0.42807
61654.36330  z_LSST  27.77270  12.26826
61654.36120  u_LSST  25.01043  0.49930
61654.36080  u_LSST  25.42325  0.73028
61654.36040  u_LSST  28.89032  17.79576
61654.35920  u_LSST  26.45504  1.88888
61654.35850  u_LSST  25.30466  0.65471
61654.35670  r_LSST  26.11952  0.93490
61654.35590  r_LSST  28.15800  6.11164
61654.35500  r_LSST  28.52109  8.53880
61654.35250  r_LSST  26.51544  1.34628
61654.35210  r_LSST  28.40200  7.65174
61654.35170  r_LSST  25.47749  0.51755
61654.35130  r_LSST  27.25821  2.66835
61654.35080  r_LSST  26.69904  1.59433
61654.35000  r_LSST  26.99728  2.09831
61654.34960  r_LSST  30.45615  50.74805
61654.34880  r_LSST  25.94574  0.79662
61654.34700  i_LSST  26.84313  3.00866
61654.34660  i_LSST  26.15262  1.59283
61654.34570  i_LSST  25.01750  0.55991
61654.34530  i_LSST  26.81946  2.94378
61654.34410  i_LSST  25.32914  0.74606
61654.34280  i_LSST  29.42286  32.37912
61654.34240  i_LSST  26.55952  2.31701
61654.34110  i_LSST  24.70458  0.41972
61654.34070  i_LSST  27.48169  5.41750
61654.33950  i_LSST  30.13671  62.48907
61654.33900  i_LSST  25.52318  0.89206
61654.33730  g_LSST  26.60133  1.02278
61654.33680  g_LSST  27.87540  3.30681
61654.33520  g_LSST  26.82137  1.25256
61654.33430  g_LSST  27.65335  2.69520
61654.33390  g_LSST  27.52547  2.39574
61647.38700  z_LSST  25.73991  2.22049
61647.38610  z_LSST  26.29220  3.69287
61647.38570  z_LSST  23.96547  0.43318
61647.38450  z_LSST  26.44466  4.24960
61647.38200  z_LSST  26.57124  4.77507
61647.38150  z_LSST  24.97780  1.10053
61647.38070  z_LSST  25.54550  1.85645
61647.38030  z_LSST  26.40674  4.10373
61647.37950  z_LSST  25.13318  1.26986
61647.37900  z_LSST  23.85272  0.39045
61647.37640  u_LSST  25.27918  0.84638
61647.37610  u_LSST  29.28806  33.97186
61647.37570  u_LSST  27.78898  8.54060
61647.37530  u_LSST  25.71562  1.26515
61647.37490  u_LSST  25.89971  1.49893
61647.37160  r_LSST  25.62161  0.84003
61647.37070  r_LSST  26.30650  1.57852
61647.36910  r_LSST  28.43382  11.19892
61647.36870  r_LSST  27.23175  3.70124
61647.36740  r_LSST  27.35124  4.13185
61647.36650  r_LSST  26.40882  1.73451
61647.36450  r_LSST  29.60189  32.84020
61647.36230  i_LSST  24.91194  0.72752
61647.36140  i_LSST  27.27331  6.40315
61647.36060  i_LSST  24.76691  0.63655
61647.36020  i_LSST  25.47016  1.21656
61647.35980  i_LSST  25.98541  1.95538
61647.35930  i_LSST  26.19848  2.37936
61647.35890  i_LSST  25.30938  1.04911
61647.35850  i_LSST  28.07307  13.37512
61647.35770  i_LSST  26.51280  3.17826
61647.35600  i_LSST  24.87323  0.70204
61647.35430  i_LSST  26.23402  2.45853
61647.35210  g_LSST  27.27070  2.64807
61647.35000  g_LSST  27.07892  2.21929
61647.34960  g_LSST  26.21846  1.00469
61646.38080  r_LSST  27.72284  4.84493
61646.38040  r_LSST  26.82751  2.12401
61646.35530  g_LSST  27.59295  3.32218
61646.35490  g_LSST  27.38791  2.75047
61641.31730  z_LSST  27.46155  12.98271
61640.40760  z_LSST  25.40848  1.93668
61640.40590  z_LSST  26.96426  8.11649
61640.40550  z_LSST  25.42175  1.96050
61640.40510  z_LSST  26.15159  3.83974
61640.40470  z_LSST  26.32616  4.50953
61640.40420  z_LSST  25.12061  1.48563
61640.40300  z_LSST  24.55797  0.88482
61640.40260  z_LSST  24.83358  1.14051
61640.40220  z_LSST  25.20567  1.60670
61640.40050  z_LSST  24.47978  0.82334
61640.40010  z_LSST  26.16139  3.87457
61640.38940  r_LSST  27.72357  9.67805
61640.38900  r_LSST  24.77468  0.64007
61640.38860  r_LSST  27.82005  10.57739
61640.38810  r_LSST  25.90301  1.80953
61640.38730  r_LSST  25.85632  1.73335
61640.38610  r_LSST  25.41129  1.15047
61640.38520  r_LSST  25.88017  1.77186
61640.38480  r_LSST  26.31266  2.63891
61640.38390  r_LSST  25.82042  1.67698
61640.37880  i_LSST  27.49980  9.88050
61640.37800  i_LSST  26.34108  3.39853
61640.37720  i_LSST  25.76730  2.00346
61640.37680  i_LSST  25.98088  2.43899
61640.37510  i_LSST  25.25535  1.25026
61640.37460  i_LSST  27.12692  7.00856
61640.37300  i_LSST  25.31932  1.32614
61640.37210  i_LSST  25.01686  1.00370
61640.36950  g_LSST  26.06237  2.29646
61640.36660  g_LSST  26.18944  2.58160
61640.36620  g_LSST  25.60039  1.50062
61633.29540  z_LSST  24.47155  1.48507
61633.29410  z_LSST  26.16876  7.08974
61633.29330  z_LSST  23.63596  0.68787
61633.29200  z_LSST  24.76020  1.93734
61633.29160  z_LSST  23.88411  0.86451
61633.29000  z_LSST  24.01304  0.97351
61633.28950  z_LSST  23.69539  0.72658
61633.28830  z_LSST  24.34015  1.31579
61633.28790  z_LSST  23.31205  0.51044
61633.28700  z_LSST  25.58569  4.14384
61633.28580  z_LSST  23.35579  0.53142
61633.27510  r_LSST  24.26416  1.04372
61633.27310  r_LSST  24.05737  0.86271
61633.27180  r_LSST  24.04464  0.85266
61633.26890  r_LSST  23.61726  0.57520
61633.26760  r_LSST  24.76961  1.66250
61633.26540  i_LSST  26.06752  5.08590
61633.26460  i_LSST  28.89422  68.71435
61633.26290  i_LSST  24.61171  1.33059
61633.26250  i_LSST  27.64404  21.72593
61633.26210  i_LSST  26.05716  5.03763
61633.26170  i_LSST  24.13209  0.85545
61633.26090  i_LSST  25.19035  2.26726
61633.26040  i_LSST  24.13896  0.86089
61633.26000  i_LSST  23.43649  0.45077
61633.25750  i_LSST  27.12489  13.46839
61633.25570  g_LSST  25.30594  2.74919
61633.25530  g_LSST  24.80211  1.72851
61633.25410  g_LSST  24.03822  0.85530
61633.25320  g_LSST  25.20390  2.50258
61633.25280  g_LSST  28.17788  38.72423
61625.41900  i_LSST  26.53631  3.34480
61625.41770  i_LSST  27.21340  6.24032
61625.41650  i_LSST  24.74609  0.64310
61625.41600  i_LSST  26.05061  2.13842
61625.41560  i_LSST  24.60307  0.56374
61625.41520  i_LSST  25.54520  1.34254
61625.41390  i_LSST  26.15360  2.35119
61625.41350  i_LSST  26.25901  2.59091
61625.41270  i_LSST  28.87206  28.75220
61625.40970  g_LSST  26.15798  1.14339
61625.40920  g_LSST  27.86712  5.51891
61625.40880  g_LSST  26.56869  1.66910
61625.40840  g_LSST  27.38047  3.52529
61625.40800  g_LSST  25.63829  0.70847
61625.40720  g_LSST  26.13474  1.11919
61625.40630  g_LSST  27.12248  2.77970
61619.32840  z_LSST  24.81226  1.94245
61619.32760  z_LSST  24.63921  1.65628
61619.32720  z_LSST  23.63323  0.65575
61619.32680  z_LSST  23.70940  0.70341
61619.32550  z_LSST  24.22361  1.12952
61619.32510  z_LSST  26.77882  11.88437
61619.32470  z_LSST  23.91081  0.84678
61619.32380  z_LSST  23.57365  0.62074
61619.32180  z_LSST  24.19330  1.09842
61619.32090  z_LSST  23.68371  0.68696
61619.32010  z_LSST  26.19796  6.96034
61619.31970  z_LSST  27.06209  15.42705
61619.31880  z_LSST  24.28840  1.19897
61619.31710  u_LSST  26.32487  5.53447
61619.31670  u_LSST  25.57215  2.76689
61619.31630  u_LSST  25.45083  2.47435
61619.31560  u_LSST  24.95202  1.56292
61619.31440  u_LSST  25.27324  2.10100
61619.31140  r_LSST  24.35588  0.64734
61619.30970  r_LSST  25.48570  1.83256
61619.30930  r_LSST  26.57810  5.01210
61619.30890  r_LSST  25.68946  2.21086
61619.30680  r_LSST  28.65450  33.92973
61619.30640  r_LSST  26.22416  3.61779
61619.30600  r_LSST  24.96367  1.13304
61619.30560  r_LSST  24.73077  0.91430
61619.30210  i_LSST  24.10035  0.64821
61619.30170  i_LSST  24.34852  0.81467
61619.30090  i_LSST  24.30133  0.78002
61619.30000  i_LSST  25.38744  2.12105
61619.29920  i_LSST  27.33212  12.71813
61618.42440  i_LSST  25.47576  1.92603
61618.42310  i_LSST  24.04475  0.51553
61618.42270  i_LSST  25.79499  2.58436
61618.42230  i_LSST  25.73745  2.45096
61618.42110  i_LSST  24.41618  0.72582
61618.42060  i_LSST  27.04871  8.20047
61618.41840  g_LSST  25.04080  0.47409
61618.41800  g_LSST  26.75982  2.30922
61618.41510  g_LSST  26.86280  2.53895
61612.34280  z_LSST  24.77071  1.25626
61612.34120  z_LSST  25.42237  2.28954
61612.34080  z_LSST  25.85743  3.41799
61612.34030  z_LSST  24.32209  0.83106
61612.33950  z_LSST  24.52653  1.00325
61612.33910  z_LSST  26.53648  6.38840
61612.33780  z_LSST  24.22488  0.75989
61612.33700  z_LSST  24.17281  0.72431
61612.33580  z_LSST  27.57104  16.56583
61612.33530  z_LSST  27.46263  14.99174
61612.33490  z_LSST  25.44847  2.34525
61612.33450  z_LSST  26.22668  4.80254
61612.33410  z_LSST  24.46421  0.94729
61612.33370  z_LSST  25.45021  2.34901
61612.33330  z_LSST  24.45590  0.94007
61612.32260  r_LSST  25.21744  1.43581
61612.32180  r_LSST  26.72350  5.74812
61612.32010  r_LSST  25.35642  1.63189
61612.31890  r_LSST  24.85958  1.03266
61612.31840  r_LSST  27.50199  11.77392
61612.31760  r_LSST  24.80416  0.98126
61612.31680  r_LSST  24.56386  0.78644
61612.31590  r_LSST  24.86570  1.03849
61612.31550  r_LSST  26.20297  3.55888
61612.31510  r_LSST  26.02164  3.01149
61612.31210  i_LSST  25.48983  2.35193
61612.31170  i_LSST  25.97943  3.69203
61612.31120  i_LSST  24.61960  1.05520
61612.31000  i_LSST  24.21837  0.72919
61612.30790  i_LSST  24.26552  0.76156
61612.30750  i_LSST  23.90068  0.54421
61612.30620  i_LSST  24.28858  0.77791
61612.30580  i_LSST  26.55734  6.28677
61612.30540  i_LSST  25.34649  2.06106
61612.30320  g_LSST  24.51441  0.55735
61612.30200  g_LSST  27.24446  6.88890
61612.30150  g_LSST  25.83150  1.87485
61612.29950  g_LSST  25.94384  2.07923
61611.37760  z_LSST  23.46560  0.55357
61611.37680  z_LSST  24.05478  0.95245
61611.37640  z_LSST  23.47690  0.55936
61611.37590  z_LSST  27.09175  15.61824
61611.37550  z_LSST  24.51794  1.45918
61611.37470  z_LSST  24.35715  1.25832
61611.37430  z_LSST  24.21125  1.10010
61611.37390  z_LSST  23.96866  0.87982
61611.37260  z_LSST  24.02711  0.92849
61611.37220  z_LSST  23.54289  0.59441
61611.37140  z_LSST  26.21515  6.96609
61611.37050  z_LSST  25.70856  4.36873
61611.37010  z_LSST  24.82539  1.93681
61611.36970  z_LSST  23.69310  0.68261
61611.36930  z_LSST  24.80429  1.89952
61611.36890  z_LSST  24.06855  0.96461
61611.35700  r_LSST  24.30463  0.81274
61611.35650  r_LSST  27.36112  13.56905
61611.35610  r_LSST  24.41750  0.90178
61611.35570  r_LSST  24.21687  0.74963
61611.35450  r_LSST  25.29818  2.02943
61611.35400  r_LSST  25.03918  1.59872
61611.35240  r_LSST  24.70463  1.17477
61611.35070  r_LSST  25.65462  2.81805
61611.34990  r_LSST  26.04106  4.02274
61611.34770  i_LSST  23.74181  0.57894
61611.34640  i_LSST  25.41433  2.70171
61611.34600  i_LSST  24.49644  1.16007
61611.34480  i_LSST  24.24943  0.92402
61611.34430  i_LSST  24.47236  1.13462
61611.34230  i_LSST  24.25516  0.92891
61611.34140  i_LSST  24.78303  1.51050
61611.34100  i_LSST  26.56698  7.81087
61611.34020  i_LSST  24.66755  1.35809
61611.33710  g_LSST  24.54507  0.88577
61611.33550  g_LSST  25.04271  1.40081
61611.33510  g_LSST  27.79832  17.72652
61611.33420  g_LSST  25.58160  2.30110
61595.44560  r_LSST  27.59337  8.00106
61560.43940  i_LSST  22.22974  0.48590
61560.43620  i_LSST  22.33483  0.53529
61560.42980  i_LSST  24.64427  4.49122
61480.00370  i_LSST  23.54133  1.10719
61462.04230  r_LSST  25.72636  1.45524
61462.04180  r_LSST  26.87303  4.18409
61462.04140  r_LSST  25.22235  0.91481
61462.03670  i_LSST  32.49375  1155.94229
61462.03630  i_LSST  25.04001  1.20626
61462.03550  i_LSST  27.29973  9.66783
61462.03510  i_LSST  24.12680  0.52018
61462.03380  i_LSST  25.10651  1.28245
61462.03340  i_LSST  25.39191  1.66802
61461.04770  i_LSST  25.25563  3.78085
61461.04720  i_LSST  23.62041  0.83849
61461.04640  i_LSST  23.24888  0.59551
61461.04600  i_LSST  24.06149  1.25872
61461.04560  i_LSST  24.39975  1.71885
61461.04470  i_LSST  23.88444  1.06933
61461.04430  i_LSST  24.03803  1.23182
61461.04390  i_LSST  23.36455  0.66246
61461.03620  g_LSST  23.43977  0.50477
61461.03490  g_LSST  24.42704  1.25313
61461.03450  g_LSST  24.25484  1.06935
61461.03410  g_LSST  24.25135  1.06591
61461.03320  g_LSST  24.58295  1.44664
61443.09200  z_LSST  27.62507  22.87618
61443.09120  z_LSST  23.94739  0.77324
61443.08950  z_LSST  26.01351  5.18512
61443.08780  z_LSST  24.45609  1.23535
61443.08740  z_LSST  25.82742  4.36843
61443.08660  z_LSST  23.57665  0.54956
61443.08530  z_LSST  24.55395  1.35188
61443.08410  z_LSST  24.60380  1.41538
61443.08370  z_LSST  25.25432  2.57682
61443.08330  z_LSST  24.67983  1.51806
61443.08070  u_LSST  24.99473  1.06632
61443.08030  u_LSST  25.29130  1.40125
61443.08000  u_LSST  25.85262  2.34989
61443.07960  u_LSST  25.20933  1.29936
61443.07880  u_LSST  26.38579  3.83985
61443.07840  u_LSST  24.63504  0.76562
61443.07620  r_LSST  25.70218  1.52228
61443.07540  r_LSST  25.52845  1.29719
61443.07370  r_LSST  24.96422  0.77146
61443.07330  r_LSST  25.36930  1.12032
61443.07290  r_LSST  25.12480  0.89442
61443.07250  r_LSST  25.16195  0.92555
61443.07040  r_LSST  28.21509  15.40496
61443.06910  r_LSST  26.05289  2.10271
61443.06870  r_LSST  24.74763  0.63194
61443.06690  i_LSST  27.27380  9.79777
61443.06650  i_LSST  24.39921  0.69389
61443.06530  i_LSST  25.78576  2.48836
61443.06490  i_LSST  25.45402  1.83322
61443.06360  i_LSST  24.61671  0.84780
61443.05990  i_LSST  27.46601  11.69530
61443.05940  i_LSST  24.47767  0.74589
61443.05900  i_LSST  24.87476  1.07526
61443.05560  g_LSST  26.06314  1.50806
61443.05430  g_LSST  27.71069  6.87767
61437.05210  u_LSST  24.94445  0.96527
61435.09600  z_LSST  23.76190  0.94306
61435.09430  z_LSST  23.82556  1.00000
61435.09390  z_LSST  24.16649  1.36891
61435.09300  z_LSST  25.67468  5.49100
61435.09220  z_LSST  24.99295  2.93061
61435.09100  z_LSST  23.87468  1.04629
61435.09010  z_LSST  23.70969  0.89879
61435.08970  z_LSST  25.44650  4.45020
61435.08890  z_LSST  25.91590  6.85709
61435.08800  z_LSST  23.43640  0.69878
61435.07530  r_LSST  25.27770  1.07268
61435.07490  r_LSST  23.99483  0.32910
61435.07450  r_LSST  24.55708  0.55236
61435.07240  r_LSST  24.47965  0.51434
61435.07200  r_LSST  26.65819  3.82534
61435.07030  r_LSST  25.01529  0.84238
61435.06990  r_LSST  28.90732  30.36136
61435.06950  r_LSST  25.04693  0.86729
61435.06860  r_LSST  25.70531  1.59044
61435.06520  i_LSST  24.22395  0.61032
61435.06480  i_LSST  26.06036  3.31222
61435.06140  i_LSST  25.80926  2.62834
61435.06020  i_LSST  24.69912  0.94542
61435.05890  i_LSST  24.93669  1.17666
61435.05850  i_LSST  24.31313  0.66256
61435.05670  g_LSST  26.99303  3.28301
61435.05510  g_LSST  25.56432  0.88062
61435.05380  g_LSST  27.08530  3.57422
61435.05300  g_LSST  26.37702  1.86152
61430.13000  z_LSST  24.40060  2.10458
61430.12960  z_LSST  23.46104  0.88582
61430.12870  z_LSST  23.97315  1.41967
61430.12750  z_LSST  23.45748  0.88291
61430.12710  z_LSST  24.00604  1.46333
61430.12620  z_LSST  24.38064  2.06625
61430.12500  z_LSST  24.31490  1.94485
61430.12460  z_LSST  23.66825  1.07208
61430.12410  z_LSST  22.81043  0.48652
61430.12370  z_LSST  24.38251  2.06981
61430.12330  z_LSST  24.03434  1.50197
61430.12210  z_LSST  25.44898  5.52736
61430.12160  z_LSST  25.27241  4.69775
61430.12120  z_LSST  23.65166  1.05582
61430.12080  z_LSST  27.99567  57.70220
61430.10060  r_LSST  28.13825  22.73195
61430.10020  r_LSST  27.32279  10.72633
61430.09980  r_LSST  24.91759  1.17050
61430.09940  r_LSST  25.17230  1.47997
61430.09900  r_LSST  24.86108  1.11114
61430.09770  r_LSST  28.45843  30.52860
61430.09650  r_LSST  26.09651  3.46687
61430.09600  r_LSST  25.91048  2.92096
61430.09560  r_LSST  24.58562  0.86215
61430.09440  r_LSST  25.81570  2.67680
61430.08220  i_LSST  24.96683  1.17018
61430.08180  i_LSST  25.16538  1.40500
61430.08140  i_LSST  24.23385  0.59574
61430.08090  i_LSST  24.79156  0.99574
61430.08050  i_LSST  27.30227  10.05610
61430.07930  i_LSST  26.19925  3.64102
61430.07840  i_LSST  25.58289  2.06384
61430.07760  i_LSST  25.10719  1.33167
61430.07550  i_LSST  24.18159  0.56775
61430.06460  g_LSST  26.19211  1.73831
61430.06370  g_LSST  24.90628  0.53186
61430.06330  g_LSST  26.85940  3.21399
61430.06290  g_LSST  26.96882  3.55477
61430.06250  g_LSST  26.75047  2.90717
61430.06170  g_LSST  26.10032  1.59739
61429.06640  z_LSST  24.04838  0.69144
61421.10670  z_LSST  24.14707  0.89970
61421.10630  z_LSST  24.81042  1.65744
61421.10590  z_LSST  24.01724  0.79830
61421.10540  z_LSST  23.80111  0.65420
61421.10500  z_LSST  25.20635  2.38677
61421.10340  z_LSST  25.83938  4.27586
61421.10040  z_LSST  24.22678  0.96824
61421.10000  z_LSST  24.44328  1.18190
61421.09880  z_LSST  23.74964  0.62391
61421.08560  r_LSST  25.08732  0.75728
61421.08520  r_LSST  24.78346  0.57242
61421.08480  r_LSST  26.80863  3.69641
61421.08270  r_LSST  24.61994  0.49239
61421.08230  r_LSST  24.74157  0.55076
61421.08190  r_LSST  25.07565  0.74918
61421.08150  r_LSST  24.63033  0.49712
61421.08100  r_LSST  26.12897  1.97659
61421.07980  r_LSST  26.92705  4.12238
61421.07940  r_LSST  25.41881  1.02767
61421.07900  r_LSST  26.18038  2.07243
61421.07720  i_LSST  25.01255  0.84482
61421.07630  i_LSST  28.29690  17.39842
61421.07550  i_LSST  24.68727  0.62612
61421.07470  i_LSST  25.62027  1.47861
61421.07430  i_LSST  25.35666  1.15988
61421.07380  i_LSST  28.18623  15.71236
61421.07340  i_LSST  27.60446  9.19456
61421.07300  i_LSST  25.87193  1.86432
61421.07220  i_LSST  25.94820  1.99999
61421.07180  i_LSST  25.65933  1.53278
61421.07130  i_LSST  25.11760  0.93065
61421.07050  i_LSST  24.37500  0.46962
61421.07010  i_LSST  26.45121  3.17856
61421.06710  g_LSST  25.04873  0.61239
61421.06580  g_LSST  26.40791  2.14143
61421.06460  g_LSST  25.17874  0.69029
61413.09980  z_LSST  26.57686  6.67691
61413.09890  z_LSST  24.90805  1.43566
61413.09770  z_LSST  24.45479  0.94569
61413.09730  z_LSST  25.45001  2.36502
61413.09640  z_LSST  28.18465  29.35553
61413.09520  z_LSST  25.68510  2.93678
61413.09430  z_LSST  24.51645  1.00095
61413.09350  z_LSST  25.87017  3.48256
61413.09310  z_LSST  25.32998  2.11749
61413.09270  z_LSST  24.58047  1.06174
61413.09230  z_LSST  26.48790  6.15165
61413.09180  z_LSST  23.82076  0.52739
61413.09140  z_LSST  23.96685  0.60335
61413.08800  u_LSST  29.75998  51.23859
61413.08730  u_LSST  28.45525  15.40657
61413.08650  u_LSST  26.35888  2.23440
61413.08610  u_LSST  25.91272  1.48148
61413.08580  u_LSST  26.61686  2.83369
61413.08400  r_LSST  26.43176  1.60705
61413.08360  r_LSST  26.78938  2.23398
61413.08310  r_LSST  26.22981  1.33430
61413.08230  r_LSST  25.74637  0.85482
61413.08190  r_LSST  26.22166  1.32431
61413.08060  r_LSST  27.46774  4.17277
61413.07980  r_LSST  24.77419  0.34914
61413.07810  r_LSST  27.53675  4.44659
61413.07770  r_LSST  25.69803  0.81760
61413.07600  r_LSST  25.75090  0.85839
61413.07430  i_LSST  26.74295  3.27385
61413.07380  i_LSST  31.04772  172.57026
61413.07340  i_LSST  25.37827  0.93151
61413.07260  i_LSST  25.65063  1.19710
61413.07180  i_LSST  27.51701  6.67858
61413.07130  i_LSST  26.29932  2.17574
61413.07090  i_LSST  24.97151  0.64045
61413.07010  i_LSST  27.00786  4.17852
61413.06970  i_LSST  25.91672  1.52957
61413.06930  i_LSST  25.67211  1.22102
61413.06840  i_LSST  26.50437  2.62802
61413.06800  i_LSST  25.26651  0.84039
61413.06760  i_LSST  25.34174  0.90069
61413.06720  i_LSST  26.12236  1.84851
61413.06680  i_LSST  25.29240  0.86067
61413.06460  g_LSST  26.89145  1.66743
61413.06330  g_LSST  27.71256  3.55213
61413.06160  g_LSST  26.85720  1.61564
61413.06120  g_LSST  25.96662  0.71140
61413.06080  g_LSST  26.73966  1.44988
61407.06510  u_LSST  26.22066  2.91688
61407.06400  u_LSST  24.30451  0.49941
61407.06320  u_LSST  24.85142  0.82647
61407.05070  z_LSST  24.51164  0.91928
61407.03700  i_LSST  25.22880  1.40165
61406.10520  z_LSST  25.66018  3.21180
61406.10350  z_LSST  24.36179  0.97139
61406.10270  z_LSST  25.64634  3.17114
61406.10140  z_LSST  25.94330  4.16870
61406.10100  z_LSST  25.52854  2.84507
61406.10060  z_LSST  25.61751  3.08803
61406.09980  z_LSST  24.08707  0.75423
61406.09930  z_LSST  27.78755  22.78749
61406.09890  z_LSST  28.87538  62.06278
61406.09730  z_LSST  24.27215  0.89441
61406.09680  z_LSST  26.09760  4.80526
61406.09600  z_LSST  25.26882  2.23978
61406.08450  r_LSST  26.10443  1.61274
61406.08370  r_LSST  28.68128  17.31024
61406.08280  r_LSST  25.43555  0.87099
61406.08200  r_LSST  26.29993  1.93091
61406.08160  r_LSST  25.93035  1.37383
61406.08120  r_LSST  25.28449  0.75786
61406.07990  r_LSST  25.12472  0.65416
61406.07950  r_LSST  25.80531  1.22438
61406.07910  r_LSST  27.32362  4.95723
61406.07870  r_LSST  30.85818  128.54811
61406.07780  r_LSST  27.39870  5.31218
61406.07740  r_LSST  26.07330  1.56716
61406.07520  i_LSST  25.53320  1.43708
61406.07440  i_LSST  25.48446  1.37400
61406.07360  i_LSST  25.39996  1.27111
61406.07230  i_LSST  25.78169  1.80666
61406.07100  i_LSST  26.10829  2.44070
61406.07060  i_LSST  25.24844  1.10554
61406.07020  i_LSST  26.38093  3.13741
61406.06980  i_LSST  25.78745  1.81627
61406.06850  i_LSST  28.26579  17.80399
61406.06810  i_LSST  24.77091  0.71214
61406.06770  i_LSST  25.45985  1.34319
61406.06730  i_LSST  25.38180  1.25003
61406.06510  g_LSST  25.51540  0.47507
61406.06470  g_LSST  25.75268  0.59111
61406.06430  g_LSST  26.32973  1.00574
61406.06340  g_LSST  26.36906  1.04284
61406.06260  g_LSST  25.68633  0.55607
61406.06180  g_LSST  26.55128  1.23340
61399.10370  z_LSST  25.41595  2.00684
61399.10330  z_LSST  26.08654  3.72175
61399.10250  z_LSST  24.07571  0.58400
61399.10160  z_LSST  24.17065  0.63737
61399.10120  z_LSST  25.91327  3.17277
61399.10080  z_LSST  28.67833  40.50066
61399.09910  z_LSST  24.72932  1.06626
61399.09870  z_LSST  25.46025  2.09041
61399.09830  z_LSST  24.80440  1.14260
61399.09700  z_LSST  25.56107  2.29382
61399.09620  z_LSST  26.40149  4.97426
61399.09580  z_LSST  24.30716  0.72277
61399.09410  z_LSST  23.94401  0.51729
61399.08300  r_LSST  24.90268  0.74229
61399.08140  r_LSST  25.37459  1.14640
61399.07970  r_LSST  25.57900  1.38389
61399.07930  r_LSST  25.76573  1.64358
61399.07840  r_LSST  26.73204  4.00235
61399.07720  r_LSST  26.76940  4.14246
61399.07630  r_LSST  27.99135  12.76554
61399.07590  r_LSST  25.46446  1.24532
61399.07550  r_LSST  25.41725  1.19234
61399.07330  i_LSST  25.30146  1.16951
61399.07250  i_LSST  25.34037  1.21218
61399.07040  i_LSST  26.42176  3.28188
61399.06950  i_LSST  25.75552  1.77676
61399.06910  i_LSST  25.54231  1.45997
61399.06830  i_LSST  24.50589  0.56205
61399.06750  i_LSST  24.27430  0.45409
61399.06400  g_LSST  26.57011  2.52213
61399.06320  g_LSST  26.55178  2.47991
61399.06280  g_LSST  25.22260  0.72906
61399.06110  g_LSST  25.03657  0.61426
61399.06070  g_LSST  26.19383  1.78343
61399.06030  g_LSST  24.89402  0.53868
61389.12620  z_LSST  24.89003  1.08550
61385.07610  g_LSST  27.53543  2.73203
61384.13420  z_LSST  25.66775  1.64305
61384.13380  z_LSST  27.76978  11.38843
61384.13340  z_LSST  24.73147  0.69365
61384.13300  z_LSST  25.05371  0.93333
61384.13090  z_LSST  25.33440  1.20868
61384.13010  z_LSST  26.27851  2.88372
61384.12800  z_LSST  24.89929  0.80959
61384.12670  z_LSST  24.76226  0.71360
61384.12630  z_LSST  24.88973  0.80250
61384.12590  z_LSST  25.73837  1.75348
61384.12550  z_LSST  25.72889  1.73824
61384.12210  u_LSST  25.87315  0.96578
61384.12170  u_LSST  27.81187  5.75929
61384.12100  u_LSST  28.23262  8.48530
61384.11670  r_LSST  27.64401  3.69468
61384.11550  r_LSST  26.89973  1.86150
61384.11510  r_LSST  28.89029  11.64365
61384.11470  r_LSST  26.47059  1.25374
61384.11420  r_LSST  26.74844  1.61938
61384.11380  r_LSST  27.30455  2.70266
61384.11340  r_LSST  26.76534  1.64478
61384.11300  r_LSST  26.28667  1.05838
61384.11260  r_LSST  27.59025  3.51618
61384.11130  r_LSST  25.80893  0.68162
61384.10830  i_LSST  25.44544  0.79524
61384.10620  i_LSST  25.67175  0.97955
61384.10580  i_LSST  25.82316  1.12613
61384.10450  i_LSST  25.07867  0.56727
61384.10370  i_LSST  25.38944  0.75527
61384.10330  i_LSST  25.99315  1.31700
61384.10280  i_LSST  25.44216  0.79285
61384.10200  i_LSST  25.86870  1.17437
61384.10160  i_LSST  24.75226  0.41998
61384.10120  i_LSST  28.30836  11.10888
61384.09810  g_LSST  26.76449  1.17852
61384.09730  g_LSST  27.19859  1.75782
61384.09690  g_LSST  26.66826  1.07856
61384.09650  g_LSST  26.38558  0.83133
61384.09610  g_LSST  26.95756  1.40787
61384.09560  g_LSST  26.37762  0.82525
61377.13190  z_LSST  24.84695  1.22304
61377.13150  z_LSST  25.92866  3.31225
61377.13020  z_LSST  24.30190  0.74033
61377.12940  z_LSST  25.20173  1.69572
61377.12820  z_LSST  24.42774  0.83130
61377.12690  z_LSST  24.38317  0.79786
61377.12650  z_LSST  24.49707  0.88611
61377.12560  z_LSST  25.50840  2.24916
61377.12520  z_LSST  24.39125  0.80383
61377.12400  z_LSST  24.64977  1.01992
61377.12360  z_LSST  24.96415  1.36245
61377.12230  z_LSST  24.55705  0.93644
61377.12050  u_LSST  24.35288  0.47491
61377.12020  u_LSST  25.19751  1.03386
61377.11940  u_LSST  26.06441  2.29732
61377.11790  u_LSST  25.06520  0.91524
61377.11610  r_LSST  26.18888  1.57054
61377.11480  r_LSST  26.97056  3.22641
61377.11440  r_LSST  25.52968  0.85579
61377.11400  r_LSST  26.81056  2.78434
61377.11280  r_LSST  26.95692  3.18614
61377.11230  r_LSST  26.06728  1.40413
61377.11110  r_LSST  25.86244  1.16272
61377.10980  r_LSST  25.85086  1.15038
61377.10940  r_LSST  26.15101  1.51671
61377.10860  r_LSST  25.52475  0.85192
61377.10640  i_LSST  24.96175  0.67288
61377.10590  i_LSST  28.25492  13.97031
61377.10550  i_LSST  25.90668  1.60661
61377.10470  i_LSST  25.41810  1.02442
61377.10390  i_LSST  25.87177  1.55578
61377.10340  i_LSST  25.64466  1.26213
61377.10220  i_LSST  27.19524  5.26421
61377.10050  i_LSST  26.27077  2.24672
61377.09930  i_LSST  24.78278  0.57062
61377.09840  i_LSST  26.18309  2.07240
61377.09660  g_LSST  27.11204  1.96568
61377.09620  g_LSST  28.13786  5.05641
61377.09540  g_LSST  26.34356  0.96855
61377.09500  g_LSST  27.98030  4.37341
61377.09460  g_LSST  26.54452  1.16549
61377.09290  g_LSST  27.30838  2.35531
61371.13040  i_LSST  26.47604  2.71904
61370.20180  i_LSST  25.29851  0.95264
61370.17780  r_LSST  27.74194  6.32259
61370.08510  z_LSST  27.51141  12.34752
61370.08430  z_LSST  25.94725  2.92358
61370.08390  z_LSST  24.96502  1.18311
61370.08350  z_LSST  26.66834  5.68005
61370.08260  z_LSST  24.86761  1.08158
61370.08180  z_LSST  24.83355  1.04818
61370.08140  z_LSST  26.88255  6.91885
61370.08100  z_LSST  24.29800  0.64005
61370.07970  z_LSST  26.97082  7.50486
61370.07800  z_LSST  25.10118  1.34118
61370.07720  z_LSST  26.73364  6.03216
61370.06570  r_LSST  27.43716  4.77511
61370.06530  r_LSST  24.94504  0.48099
61370.06440  r_LSST  27.51596  5.13456
61370.06400  r_LSST  27.64153  5.76410
61370.06240  r_LSST  27.80425  6.69607
61370.06150  r_LSST  27.34842  4.40035
61370.06070  r_LSST  25.29320  0.66283
61370.05940  r_LSST  25.08918  0.54928
61370.05900  r_LSST  25.93761  1.19996
61370.05860  r_LSST  26.64895  2.31047
61370.05820  r_LSST  25.71572  0.97816
61370.05470  i_LSST  28.06902  12.22176
61370.05310  i_LSST  27.01111  4.61285
61370.05260  i_LSST  27.26411  5.82333
61370.05100  i_LSST  26.36375  2.54112
61370.04930  i_LSST  29.44498  43.40293
61370.04670  g_LSST  25.89662  0.58942
61370.04460  g_LSST  30.72812  50.46904
61370.04420  g_LSST  26.49101  1.01902
61370.04340  g_LSST  27.13742  1.84819
61370.04290  g_LSST  26.85380  1.42331
61362.28350  z_LSST  25.76780  3.24579
61362.28310  z_LSST  24.86586  1.41430
61362.28260  z_LSST  24.64878  1.15801
61362.28140  z_LSST  24.60229  1.10947
61362.27930  z_LSST  27.49703  15.95916
61362.27850  z_LSST  24.31015  0.84774
61362.27810  z_LSST  24.44045  0.95583
61362.27720  z_LSST  25.69650  3.03949
61362.27640  z_LSST  25.12236  1.79119
61362.27600  z_LSST  24.10270  0.70029
61362.27510  z_LSST  26.21049  4.87973
61362.27470  z_LSST  24.81690  1.35195
61362.27430  z_LSST  24.40946  0.92893
61362.26320  r_LSST  26.00244  1.24689
61362.26240  r_LSST  25.41851  0.72822
61362.26160  r_LSST  25.71596  0.95772
61362.26120  r_LSST  27.09044  3.39649
61362.26030  r_LSST  26.68783  2.34415
61362.25950  r_LSST  26.86578  2.76163
61362.25910  r_LSST  26.24372  1.55720
61362.25820  r_LSST  26.94969  2.98353
61362.25660  r_LSST  25.84849  1.08206
61362.25570  r_LSST  25.94514  1.18280
61362.25350  i_LSST  24.92635  0.76911
61362.25310  i_LSST  25.49567  1.29932
61362.25190  i_LSST  29.19215  39.11156
61362.25150  i_LSST  26.88688  4.67949
61362.25100  i_LSST  26.25537  2.61573
61362.24980  i_LSST  27.56799  8.76279
61362.24900  i_LSST  25.25435  1.04037
61362.24850  i_LSST  25.53851  1.35160
61362.24810  i_LSST  25.89444  1.87595
61362.24730  i_LSST  25.11769  0.91733
61362.24600  i_LSST  25.21049  0.99917
61362.24560  i_LSST  25.41366  1.20479
61362.24380  g_LSST  26.38062  1.31505
61362.24340  g_LSST  27.37285  3.27972
61362.24220  g_LSST  29.88088  33.04068
61362.24130  g_LSST  26.90681  2.13512
61362.24090  g_LSST  26.76295  1.87016
61362.24010  g_LSST  29.84161  31.86700
61357.20660  r_LSST  27.09414  4.90201
61355.18950  z_LSST  25.07035  1.60230
61355.18820  z_LSST  25.05862  1.58508
61355.18740  z_LSST  24.84481  1.30175
61355.18700  z_LSST  24.77334  1.21882
61355.18660  z_LSST  24.19543  0.71577
61355.18620  z_LSST  24.88751  1.35396
61355.18570  z_LSST  25.83143  3.22982
61355.18490  z_LSST  24.80587  1.25590
61355.18360  z_LSST  26.03692  3.90275
61355.18280  z_LSST  24.79264  1.24068
61355.18200  z_LSST  24.57777  1.01792
61355.18160  z_LSST  26.64413  6.82744
61355.18070  z_LSST  24.81822  1.27026
61355.18030  z_LSST  25.06120  1.58885
61355.17850  u_LSST  25.44167  1.28680
61355.17820  u_LSST  25.90726  1.97583
61355.17780  u_LSST  25.38317  1.21931
61355.17740  u_LSST  24.50931  0.54521
61355.17590  u_LSST  24.77187  0.69437
61355.17320  r_LSST  29.90765  50.37943
61355.17240  r_LSST  25.77677  1.12177
61355.17070  r_LSST  30.33559  74.71936
61355.17030  r_LSST  26.96804  3.36055
61355.16990  r_LSST  25.11345  0.60894
61355.16950  r_LSST  25.62305  0.97368
61355.16860  r_LSST  26.10827  1.52230
61355.16700  r_LSST  26.94839  3.30030
61355.16660  r_LSST  25.56945  0.92678
61355.16610  r_LSST  28.28534  11.30654
61355.16350  i_LSST  24.84050  0.65495
61355.16270  i_LSST  25.50838  1.21159
61355.16100  i_LSST  26.32216  2.56371
61355.16060  i_LSST  25.87648  1.70058
61355.15980  i_LSST  25.88969  1.72140
61355.15930  i_LSST  25.21494  0.92466
61355.15890  i_LSST  29.48321  47.12912
61355.15770  i_LSST  24.74577  0.60023
61355.15640  i_LSST  27.91070  11.07349
61355.15380  g_LSST  26.29889  1.12929
61355.15340  g_LSST  27.82910  4.62267
61355.15300  g_LSST  27.00896  2.17188
61355.15210  g_LSST  25.77204  0.69513
61355.15130  g_LSST  25.51747  0.54984
61343.23470  z_LSST  24.97636  2.70093
61341.18930  z_LSST  23.92844  0.77564
61341.08530  z_LSST  25.05859  2.19645
61341.08450  z_LSST  23.36581  0.46196
61341.08320  z_LSST  27.03904  13.61129
61341.08280  z_LSST  23.72484  0.64301
61341.08240  z_LSST  26.09530  5.70693
61341.08030  z_LSST  24.81541  1.75569
61341.07990  z_LSST  25.21473  2.53614
61341.07910  z_LSST  24.72532  1.61589
61341.07870  z_LSST  23.60941  0.57816
61341.07820  z_LSST  26.22102  6.40753
61341.07780  z_LSST  24.06601  0.88041
61341.07700  z_LSST  25.61976  3.68287
61341.07620  z_LSST  25.10547  2.29334
61341.06510  r_LSST  25.10616  1.32599
61341.06470  r_LSST  25.59413  2.07840
61341.06430  r_LSST  25.26340  1.53264
61341.06300  r_LSST  26.21116  3.66894
61341.06180  r_LSST  25.90887  2.77731
61341.06130  r_LSST  24.35742  0.66535
61341.06090  r_LSST  25.68609  2.26211
61341.06050  r_LSST  27.69822  14.43326
61341.06010  r_LSST  25.00636  1.20954
61341.05970  r_LSST  24.38945  0.68526
61341.05930  r_LSST  24.85519  1.05234
61341.05880  r_LSST  26.23908  3.76452
61341.05500  i_LSST  28.61926  48.03404
61341.05460  i_LSST  25.22904  2.11575
61341.05290  i_LSST  25.24155  2.14027
61341.05250  i_LSST  24.20029  0.82028
61341.05160  i_LSST  24.79244  1.41522
61341.05120  i_LSST  25.56494  2.88284
61341.05080  i_LSST  29.16278  79.24221
61341.05000  i_LSST  25.21993  2.09807
61341.04910  i_LSST  27.41218  15.80226
61341.04870  i_LSST  26.26449  5.49091
61341.04790  i_LSST  27.33015  14.65232
61341.04570  g_LSST  26.92701  3.22224
61341.04530  g_LSST  26.76488  2.77528
61341.04400  g_LSST  26.06244  1.45321
61341.04320  g_LSST  25.01235  0.55245
61335.15700  r_LSST  25.44227  1.16789
61334.20990  z_LSST  24.73174  0.86525
61333.32460  z_LSST  24.46075  0.73233
61333.32420  z_LSST  25.23972  1.50071
61333.32380  z_LSST  24.30938  0.63703
61333.32300  z_LSST  24.99239  1.19499
61333.32250  z_LSST  25.68352  2.25848
61333.32210  z_LSST  26.94923  7.24605
61333.32170  z_LSST  25.87988  2.70620
61333.32090  z_LSST  25.97341  2.94966
61333.32000  z_LSST  24.92884  1.12705
61333.31880  z_LSST  25.11940  1.34328
61333.31840  z_LSST  27.03199  7.81991
61333.31800  z_LSST  26.20882  3.66383
61333.31750  z_LSST  24.99358  1.19630
61333.31630  z_LSST  25.36061  1.67747
61333.31550  z_LSST  24.85086  1.04894
61333.31500  z_LSST  27.25978  9.64539
61333.30440  r_LSST  26.54359  1.83123
61333.30360  r_LSST  27.29888  3.67163
61333.30310  r_LSST  26.98815  2.75782
61333.30270  r_LSST  25.96699  1.07672
61333.30190  r_LSST  26.65485  2.02883
61333.30110  r_LSST  26.03869  1.15022
61333.30060  r_LSST  27.53882  4.57967
61333.30020  r_LSST  26.91751  2.58410
61333.29980  r_LSST  25.36255  0.61706
61333.29900  r_LSST  26.36961  1.56010
61333.29850  r_LSST  27.94166  6.63698
61333.29730  r_LSST  29.47618  27.27571
61333.29430  i_LSST  27.41055  6.10027
61333.29380  i_LSST  25.33488  0.90174
61333.29220  i_LSST  25.53950  1.08876
61333.29130  i_LSST  25.51861  1.06801
61333.29090  i_LSST  25.48048  1.03115
61333.28970  i_LSST  24.88120  0.59376
61333.28880  i_LSST  26.35164  2.30031
61333.28840  i_LSST  26.59758  2.88512
61333.28760  i_LSST  26.61209  2.92392
61333.28680  i_LSST  25.55016  1.09950
61333.28370  g_LSST  26.74966  1.28965
61333.28330  g_LSST  29.65723  18.77154
61333.28290  g_LSST  26.40637  0.94006
61333.28250  g_LSST  26.86505  1.43425
61333.28210  g_LSST  25.95548  0.62058
61333.15560  i_LSST  25.07075  0.70702
61326.27480  z_LSST  25.19952  2.29367
61326.27390  z_LSST  25.05174  2.00178
61326.27350  z_LSST  24.06592  0.80740
61326.27270  z_LSST  23.91347  0.70163
61326.27230  z_LSST  24.29680  0.99871
61326.27190  z_LSST  24.87491  1.70093
61326.27140  z_LSST  25.97538  4.68677
61326.27100  z_LSST  23.93222  0.71385
61326.27020  z_LSST  24.12775  0.85472
61326.26980  z_LSST  24.33139  1.03104
61326.26890  z_LSST  23.38854  0.43265
61326.26850  z_LSST  27.77131  24.50448
61326.26730  z_LSST  24.95182  1.82579
61326.26600  z_LSST  24.57287  1.28786
61326.26300  u_LSST  24.58288  1.12911
61326.26260  u_LSST  24.62358  1.17223
61326.26150  u_LSST  25.16497  1.93006
61326.26070  u_LSST  24.22914  0.81515
61326.25810  r_LSST  25.98802  3.78707
61326.25640  r_LSST  25.03404  1.57294
61326.25560  r_LSST  24.57677  1.03230
61326.25480  r_LSST  24.46459  0.93097
61326.25430  r_LSST  25.50307  2.42286
61326.25390  r_LSST  24.46135  0.92820
61326.25350  r_LSST  23.91017  0.55868
61326.25230  r_LSST  25.05961  1.61044
61326.25140  r_LSST  24.73334  1.19243
61326.24920  i_LSST  25.08570  1.85836
61326.24800  i_LSST  26.36898  6.05958
61326.24760  i_LSST  24.18128  0.80791
61326.24710  i_LSST  24.71994  1.32687
61326.24670  i_LSST  25.98421  4.25142
61326.24460  i_LSST  28.71248  52.46172
61326.24380  i_LSST  26.47500  6.68114
61326.24340  i_LSST  25.01102  1.73484
61326.24300  i_LSST  25.32534  2.31733
61326.24210  i_LSST  23.90975  0.62915
61326.24170  i_LSST  26.76577  8.73287
61326.23950  g_LSST  25.51917  1.13812
61326.23910  g_LSST  25.36355  0.98614
61326.23620  g_LSST  29.03169  28.91992
61326.20560  i_LSST  26.50699  6.88093
61314.22430  z_LSST  25.24234  1.49827
61314.22390  z_LSST  27.47043  11.66343
61314.22220  z_LSST  25.58101  2.04674
61314.22130  z_LSST  27.00204  7.57655
61314.22090  z_LSST  24.39929  0.68924
61314.22050  z_LSST  30.35658  166.45110
61314.21930  z_LSST  28.43758  28.42409
61314.21880  z_LSST  25.73265  2.35350
61314.21800  z_LSST  28.45310  28.83348
61314.21760  z_LSST  25.72791  2.34325
61314.21670  z_LSST  24.38658  0.68122
61314.21590  z_LSST  25.03194  1.23433
61314.21550  z_LSST  25.73336  2.35504
61314.21510  z_LSST  25.78054  2.45963
61314.18300  r_LSST  25.57388  1.19007
61314.18260  r_LSST  25.28567  0.91261
61314.18220  r_LSST  26.82049  3.75158
61314.18130  r_LSST  26.86997  3.92650
61314.18050  r_LSST  24.87958  0.62784
61314.17970  r_LSST  25.12985  0.79060
61314.17930  r_LSST  25.65490  1.28227
61314.17800  r_LSST  24.85044  0.61122
61314.17760  r_LSST  25.87784  1.57454
61314.17680  r_LSST  25.97810  1.72686
61314.17590  r_LSST  29.53566  45.73832
61314.17510  r_LSST  27.99644  11.08134
61314.16130  i_LSST  25.72297  1.93815
61314.15960  i_LSST  25.03898  1.03226
61314.15920  i_LSST  26.06324  2.65152
61314.15840  i_LSST  26.66072  4.59711
61314.15750  i_LSST  26.94042  5.94794
61314.14390  g_LSST  27.99246  9.75735
61314.14310  g_LSST  25.64380  1.12168
61314.14260  g_LSST  27.67421  7.27833
61314.14180  g_LSST  29.06235  26.13905
61314.14140  g_LSST  26.23689  1.93689
61313.30480  z_LSST  23.88195  0.75660
61304.36640  z_LSST  25.25303  1.56268
61304.36550  z_LSST  23.85660  0.43182
61304.36510  z_LSST  26.69426  5.89334
61304.36470  z_LSST  25.63538  2.22234
61304.36430  z_LSST  24.20553  0.59549
61304.36300  z_LSST  25.04730  1.29294
61304.36220  z_LSST  23.99030  0.48840
61304.36180  z_LSST  25.28444  1.60854
61304.36130  z_LSST  24.04204  0.51224
61304.36090  z_LSST  25.38978  1.77244
61304.36050  z_LSST  26.48665  4.86762
61304.35970  z_LSST  27.36080  10.88879
61304.35760  z_LSST  24.72313  0.95920
61304.34650  r_LSST  26.25303  1.57352
61304.34530  r_LSST  26.70091  2.37698
61304.34480  r_LSST  25.08479  0.53651
61304.34400  r_LSST  28.89152  17.87599
61304.34280  r_LSST  25.42389  0.73319
61304.34110  r_LSST  25.29090  0.64867
61304.34070  r_LSST  29.35540  27.40431
61304.34020  r_LSST  25.27231  0.63765
61304.33860  r_LSST  27.92152  7.31589
61304.33680  i_LSST  24.84353  0.65129
61304.33600  i_LSST  27.29506  6.22852
61304.33470  i_LSST  25.34647  1.03502
61304.33430  i_LSST  24.53203  0.48885
61304.33390  i_LSST  26.07759  2.02955
61304.33300  i_LSST  25.47393  1.16394
61304.33180  i_LSST  25.14695  0.86128
61304.33140  i_LSST  26.94781  4.52360
61304.33050  i_LSST  25.34386  1.03253
61304.33010  i_LSST  26.31266  2.52016
61304.32970  i_LSST  25.94515  1.79648
61304.32890  i_LSST  25.35607  1.04421
61304.32710  g_LSST  27.82429  4.40729
61304.32670  g_LSST  26.84340  1.78574
61304.32620  g_LSST  26.39062  1.17680
61304.32540  g_LSST  30.31162  43.56180
61304.32500  g_LSST  26.34862  1.13215
61304.32420  g_LSST  25.74348  0.64841
61304.32370  g_LSST  26.97744  2.02037
61304.32330  g_LSST  29.52573  21.12266
61303.33640  r_LSST  26.97876  2.15093
61297.34840  z_LSST  23.82920  0.36129
61297.34670  z_LSST  25.32547  1.43340
61297.34630  z_LSST  26.27241  3.42880
61297.34590  z_LSST  25.68161  1.98987
61297.34500  z_LSST  27.08291  7.23343
61297.34290  z_LSST  26.72493  5.20179
61297.34210  z_LSST  25.01699  1.07888
61297.34170  z_LSST  26.41849  3.92262
61297.34130  z_LSST  25.12275  1.18927
61297.34080  z_LSST  23.99169  0.41962
61297.34040  z_LSST  26.25234  3.36601
61297.34000  z_LSST  29.35079  58.41133
61297.33920  z_LSST  25.68842  2.00238
61297.33870  z_LSST  25.17280  1.24537
61297.33700  u_LSST  25.10617  0.58722
61297.33660  u_LSST  25.30762  0.70694
61297.33620  u_LSST  25.86629  1.18264
61297.33580  u_LSST  27.80205  7.03324
61297.33550  u_LSST  26.00466  1.34338
61297.33510  u_LSST  26.33565  1.82220
61297.33430  u_LSST  26.19305  1.59792
61297.33170  r_LSST  27.75072  4.65243
61297.33090  r_LSST  31.87731  208.12176
61297.33040  r_LSST  26.38013  1.31657
61297.33000  r_LSST  27.14590  2.66533
61297.32960  r_LSST  25.31555  0.49387
61297.32920  r_LSST  26.91616  2.15704
61297.32880  r_LSST  27.33769  3.18031
61297.32790  r_LSST  27.48865  3.65470
61297.32670  r_LSST  26.56954  1.56750
61297.32540  r_LSST  25.63627  0.66359
61297.32500  r_LSST  27.93826  5.52964
61297.32280  i_LSST  24.94935  0.64054
61297.32160  i_LSST  31.89337  383.84080
61297.32070  i_LSST  25.62795  1.19669
61297.31950  i_LSST  25.22140  0.82293
61297.31910  i_LSST  25.71151  1.29243
61297.31780  i_LSST  25.56219  1.12637
61297.31700  i_LSST  26.37463  2.38043
61297.31530  i_LSST  24.61439  0.47050
61297.31490  i_LSST  25.99202  1.67345
61297.31180  g_LSST  25.94043  0.54492
61297.31100  g_LSST  27.68073  2.70675
61297.31060  g_LSST  26.58688  0.98835
61297.31020  g_LSST  26.56582  0.96936
61297.30930  g_LSST  27.53147  2.35911
61294.32320  r_LSST  26.70471  2.15316
61291.36720  r_LSST  25.56326  0.82054
61291.36220  r_LSST  26.01078  1.23910
61289.34650  z_LSST  25.02586  1.08808
61289.34530  z_LSST  25.57265  1.80042
61289.34480  z_LSST  25.17662  1.25015
61289.34440  z_LSST  25.21371  1.29359
61289.34400  z_LSST  24.44357  0.63642
61289.34280  z_LSST  25.08215  1.14598
61289.34230  z_LSST  26.19362  3.18979
61289.34150  z_LSST  26.33838  3.64473
61289.34110  z_LSST  25.32619  1.43479
61289.34020  z_LSST  25.12087  1.18757
61289.33980  z_LSST  24.99683  1.05937
61289.33940  z_LSST  25.63522  1.90723
61289.33690  z_LSST  24.63304  0.75775
61289.33510  u_LSST  26.06924  1.36717
61289.33480  u_LSST  26.11629  1.42771
61289.33400  u_LSST  26.09268  1.39701
61289.33360  u_LSST  25.81415  1.08090
61289.33320  u_LSST  26.79329  2.66344
61289.33280  u_LSST  25.25910  0.64828
61289.33250  u_LSST  28.34406  11.11097
61289.33070  r_LSST  26.76172  1.84005
61289.32780  r_LSST  26.23057  1.12816
61289.32610  r_LSST  25.81555  0.76977
61289.32570  r_LSST  26.49072  1.43361
61289.32360  r_LSST  27.10327  2.52028
61289.32320  r_LSST  26.40283  1.32213
61289.32010  i_LSST  26.18296  2.08509
61289.31680  i_LSST  25.76394  1.41748
61289.31590  i_LSST  25.74779  1.39656
61289.31470  i_LSST  25.27896  0.90683
61289.31430  i_LSST  26.37108  2.47956
61289.31340  i_LSST  25.25415  0.88634
61289.31120  g_LSST  26.31729  0.93742
61289.30960  g_LSST  26.57666  1.19037
61289.30920  g_LSST  27.09301  1.91524
61289.30830  g_LSST  26.08177  0.75462
61289.30790  g_LSST  28.91895  10.29438
61289.30750  g_LSST  30.25205  35.14291
61286.21530  z_LSST  26.58782  8.90880
61286.21490  z_LSST  25.82367  4.40719
61286.21440  z_LSST  24.96167  1.99233
61286.21360  z_LSST  25.39683  2.97458
61286.21280  z_LSST  27.03428  13.44022
61286.21190  z_LSST  25.24821  2.59405
61286.21070  z_LSST  26.77951  10.62908
61286.21030  z_LSST  25.51544  3.31793
61286.20990  z_LSST  25.28176  2.67546
61286.20940  z_LSST  25.21306  2.51140
61286.20860  z_LSST  26.66658  9.57912
61286.19460  r_LSST  25.76873  2.29736
61286.19420  r_LSST  24.79543  0.93736
61286.19260  r_LSST  25.97037  2.76621
61286.19170  r_LSST  25.84742  2.47004
61286.19130  r_LSST  26.16512  3.30969
61286.19090  r_LSST  25.00925  1.14140
61286.19010  r_LSST  25.23647  1.40710
61286.18960  r_LSST  25.62432  2.01126
61286.18920  r_LSST  26.10082  3.11937
61286.18880  r_LSST  24.53465  0.73722
61286.18840  r_LSST  25.74649  2.25079
61286.18580  i_LSST  25.39602  1.98262
61286.18540  i_LSST  24.94398  1.30745
61286.18450  i_LSST  28.46639  33.52623
61286.18410  i_LSST  25.06644  1.46355
61286.18370  i_LSST  23.17675  0.25676
61286.18330  i_LSST  26.42033  5.09286
61286.18200  i_LSST  25.19298  1.64445
61286.18160  i_LSST  26.01338  3.50092
61286.18080  i_LSST  26.08398  3.73612
61286.17610  g_LSST  24.85101  0.49123
61286.17520  g_LSST  29.63637  40.31146
61286.17400  g_LSST  26.52215  2.28950
61286.17360  g_LSST  25.75940  1.13407
61286.17320  g_LSST  25.42246  0.83150
61276.32590  i_LSST  25.86189  1.49230
61276.23970  z_LSST  24.07903  0.70002
61276.23880  z_LSST  27.96270  25.03687
61276.23800  z_LSST  24.86555  1.44450
61276.23760  z_LSST  24.01908  0.66242
61276.23670  z_LSST  24.50483  1.03617
61276.23630  z_LSST  26.10493  4.52347
61276.23550  z_LSST  27.80426  21.63741
61276.23340  z_LSST  24.45952  0.99382
61276.23170  z_LSST  23.88094  0.58328
61276.23090  z_LSST  23.66519  0.47816
61275.40880  z_LSST  24.61798  0.88140
61275.39730  r_LSST  26.79135  2.22119
61275.39480  r_LSST  26.50153  1.70082
61275.39440  r_LSST  28.57134  11.44412
61275.39400  r_LSST  25.58461  0.73095
61275.39320  r_LSST  26.87949  2.40904
61275.39270  r_LSST  26.75071  2.13960
61275.39230  r_LSST  32.30671  357.05105
61275.39190  r_LSST  25.92509  1.00019
61275.39150  r_LSST  25.82259  0.91009
61275.39110  r_LSST  26.70203  2.04578
61275.39070  r_LSST  26.58415  1.83530
61275.39020  r_LSST  26.66112  1.97012
61275.38850  i_LSST  26.96972  3.78598
61275.38800  i_LSST  27.13222  4.39723
61275.38720  i_LSST  27.25497  4.92357
61275.38680  i_LSST  24.78643  0.50683
61275.38640  i_LSST  27.46640  5.98205
61275.38550  i_LSST  28.88271  22.04836
61275.38470  i_LSST  26.10464  1.70666
61275.38390  i_LSST  25.72756  1.20591
61275.38300  i_LSST  25.32418  0.83170
61275.38050  i_LSST  24.89325  0.55923
61275.37870  g_LSST  27.79562  3.31866
61275.37830  g_LSST  26.42585  0.93984
61275.37790  g_LSST  26.11597  0.70649
61275.37670  g_LSST  26.97375  1.55675
61275.37620  g_LSST  28.02363  4.09418
61273.41000  z_LSST  27.39117  8.22337
61273.36220  r_LSST  26.47799  1.35152
61270.40120  i_LSST  25.48507  1.12233
61267.41380  r_LSST  26.59788  1.88746
61267.41340  r_LSST  25.52761  0.70432
61267.41300  r_LSST  25.76713  0.87817
61267.41170  r_LSST  28.59852  11.91606
61267.41130  r_LSST  25.71836  0.83959
61267.41090  r_LSST  25.95060  1.03984
61267.40870  i_LSST  28.39919  14.96282
61267.40830  i_LSST  25.18869  0.77770
61267.40780  i_LSST  27.57203  6.98472
61267.40700  i_LSST  26.57990  2.80089
61267.40580  i_LSST  26.16685  1.91459
61267.40490  i_LSST  26.24886  2.06482
61267.40450  i_LSST  26.02364  1.67800
61267.40410  i_LSST  24.71879  0.50449
61267.40370  i_LSST  26.48870  2.57524
61267.40320  i_LSST  28.13595  11.74129
61267.40280  i_LSST  26.39160  2.35492
61267.40120  i_LSST  29.22661  32.06134
61267.39650  g_LSST  26.34652  0.90967
61267.39600  g_LSST  28.21422  5.08117
61266.36680  i_LSST  25.27551  1.19138
61266.34270  r_LSST  25.85891  1.20081
61264.40900  r_LSST  26.08756  1.11663
61262.39300  i_LSST  24.92526  0.82090
61262.38170  r_LSST  26.92961  2.99737
61262.29680  z_LSST  27.11552  10.46184
61262.29590  z_LSST  24.07200  0.63416
61262.29510  z_LSST  27.28549  12.23480
61262.29180  z_LSST  25.71807  2.88820
61262.29140  z_LSST  24.73823  1.17137
61262.29050  z_LSST  25.03482  1.53932
61262.29010  z_LSST  26.08517  4.05013
61262.28970  z_LSST  24.41084  0.86644
61262.28930  z_LSST  25.29517  1.95645
61262.28890  z_LSST  26.75411  7.49969
61262.28840  z_LSST  24.72450  1.15665
61262.28760  z_LSST  24.66554  1.09551
61262.28540  u_LSST  24.85766  0.69444
61262.28470  u_LSST  24.96146  0.76411
61262.28390  u_LSST  26.27545  2.56300
61262.28350  u_LSST  25.93307  1.86982
61262.28060  r_LSST  26.32161  1.71214
61262.27970  r_LSST  29.29055  26.37036
61262.27850  r_LSST  30.71966  98.34659
61262.27720  r_LSST  25.80025  1.05924
61262.27680  r_LSST  27.57578  5.43508
61262.27470  r_LSST  25.67720  0.94575
61262.27430  r_LSST  28.72476  15.66027
61262.27390  r_LSST  25.80360  1.06252
61262.27350  r_LSST  25.37662  0.71704
61262.27310  r_LSST  25.87524  1.13498
61262.27130  i_LSST  28.67375  25.92323
61262.27000  i_LSST  25.42649  1.30252
61262.26880  i_LSST  24.89063  0.79514
61262.26790  i_LSST  25.48269  1.37172
61262.26670  i_LSST  25.91560  2.04375
61262.26630  i_LSST  25.73792  1.73522
61262.26590  i_LSST  25.44345  1.32302
61262.26500  i_LSST  25.14925  1.00900
61262.26380  i_LSST  25.82404  1.87847
61262.26160  g_LSST  28.11782  8.29515
61262.25910  g_LSST  25.68621  0.88345
61262.25870  g_LSST  25.54334  0.77452
61262.25780  g_LSST  26.75793  2.37066
61257.29370  z_LSST  25.63408  5.30242
61257.29330  z_LSST  24.06878  1.25416
61257.29290  z_LSST  23.30666  0.62159
61257.29250  z_LSST  24.99542  2.94449
61257.29210  z_LSST  24.19080  1.40334
61257.28960  z_LSST  24.45021  1.78208
61257.28830  z_LSST  25.01158  2.98866
61257.28710  z_LSST  23.84654  1.02202
61257.28670  z_LSST  25.20107  3.55852
61257.28620  z_LSST  23.40852  0.68273
61257.28540  z_LSST  24.07560  1.26207
61257.28500  z_LSST  23.64796  0.85119
61257.27390  r_LSST  24.52532  1.30427
61257.27310  r_LSST  23.17654  0.37658
61257.27230  r_LSST  25.11234  2.23961
61257.27060  r_LSST  24.83280  1.73125
61257.27020  r_LSST  25.75692  4.05514
61257.26940  r_LSST  27.85070  27.89453
61257.26770  r_LSST  25.05124  2.11707
61257.26690  r_LSST  23.54619  0.52932
61257.26640  r_LSST  25.20726  2.44423
61257.26600  r_LSST  24.89935  1.84068
61257.26170  i_LSST  27.23121  18.00629
61257.26130  i_LSST  24.80542  1.92801
61257.26090  i_LSST  23.44260  0.54952
61257.25920  i_LSST  24.57223  1.55538
61257.25840  i_LSST  24.37361  1.29535
61257.25450  g_LSST  30.04483  197.36179
61257.25160  g_LSST  25.77115  3.85290
61248.41000  z_LSST  24.96653  1.20015
61248.35630  i_LSST  24.98049  0.94465
61239.36490  z_LSST  23.79797  1.02124
61239.36410  z_LSST  23.45555  0.74501
61239.36320  z_LSST  23.31173  0.65258
61239.36280  z_LSST  23.21002  0.59422
61239.36160  z_LSST  25.03042  3.17766
61239.36070  z_LSST  25.14801  3.54116
61239.35990  z_LSST  23.16643  0.57084
61239.35950  z_LSST  23.54947  0.81232
61239.35870  z_LSST  24.13798  1.39680
61239.35820  z_LSST  23.04393  0.50993
61239.35780  z_LSST  24.41390  1.80094
61239.35700  z_LSST  23.68233  0.91807
61239.35570  z_LSST  26.18105  9.16980
61239.35360  u_LSST  27.38703  19.14516
61239.35280  u_LSST  26.48516  8.34276
61239.35130  u_LSST  25.04790  2.22026
61239.34830  r_LSST  24.44789  0.76903
61239.34750  r_LSST  25.69134  2.41726
61239.34700  r_LSST  26.29319  4.20789
61239.34660  r_LSST  25.02667  1.31055
61239.34620  r_LSST  24.48142  0.79315
61239.34450  r_LSST  24.92812  1.19684
61239.34370  r_LSST  24.05675  0.53640
61239.34250  r_LSST  24.86245  1.12660
61239.34160  r_LSST  26.26037  4.08257
61239.33900  i_LSST  25.58909  3.05643
61239.33780  i_LSST  24.48692  1.10751
61239.33730  i_LSST  24.84526  1.54057
61239.33650  i_LSST  25.21311  2.16183
61239.33570  i_LSST  26.64352  8.07207
61239.33400  i_LSST  25.12350  1.99058
61239.33230  i_LSST  26.30895  5.93140
61239.33150  i_LSST  26.33394  6.06954
61238.43060  g_LSST  27.41272  3.87960
61238.42980  g_LSST  27.32086  3.56486
61238.42940  g_LSST  27.28454  3.44758
61238.42730  g_LSST  26.39180  1.51502
61238.42690  g_LSST  26.99482  2.64014
61236.40320  z_LSST  23.49468  0.58769
61232.39940  i_LSST  26.17524  2.24821
61216.39530  i_LSST  24.23203  1.16759
61214.43760  i_LSST  28.19238  14.90424
