# ================================
# SNID: 102902
# RA: 25.30167579650879
# DEC: -19.529926300048828
# ================================
NVAR: 4
VARNAMES: MJD FLT MAG MAGERR
61832.01890  i_LSST  23.68668  0.89089
61832.01580  i_LSST  25.17645  3.51344
61832.01280  i_LSST  23.94405  1.12920
61832.00970  i_LSST  24.36453  1.66328
61785.04240  i_LSST  26.37169  2.08830
61781.04310  z_LSST  25.03367  1.46413
61779.04130  z_LSST  24.72282  1.03995
61778.09910  i_LSST  25.44225  1.29149
61778.07930  r_LSST  26.75775  3.29406
61769.10150  r_LSST  27.23347  3.02913
61769.07810  u_LSST  25.64510  0.94809
61768.10540  i_LSST  25.24201  0.84845
61767.04790  z_LSST  25.15397  1.13399
61767.03430  i_LSST  27.60805  9.18530
61766.04520  i_LSST  24.78826  0.51182
61765.09940  r_LSST  25.84667  1.36320
61765.09850  r_LSST  25.61709  1.10339
61765.07470  u_LSST  28.07351  14.68276
61752.17470  i_LSST  25.14888  1.66322
61748.12580  z_LSST  25.46037  1.71900
61748.10190  i_LSST  25.81191  1.84099
61747.12770  z_LSST  24.32256  0.82622
61741.03700  z_LSST  26.44559  5.02755
61741.03190  i_LSST  24.46765  0.71114
61741.02370  i_LSST  25.55452  1.93509
61740.16950  g_LSST  30.01781  25.57554
61740.14630  u_LSST  24.99850  0.62204
61735.22490  i_LSST  25.94990  2.02871
61735.20060  r_LSST  28.01071  5.64306
61735.07280  r_LSST  26.03629  0.91568
61735.04860  u_LSST  25.59990  0.93559
61734.04320  g_LSST  31.67201  103.90496
61726.19420  z_LSST  28.61805  47.00635
61726.17010  i_LSST  26.76640  5.26933
61717.07740  i_LSST  24.69325  0.50957
61714.10670  i_LSST  25.90825  1.13488
61714.10630  i_LSST  27.05160  3.25303
61714.08260  r_LSST  27.74234  4.66599
61714.08210  r_LSST  29.57460  25.22597
61709.27330  r_LSST  30.86045  103.80801
61706.23050  r_LSST  26.06062  1.77015
61704.34970  z_LSST  25.96733  4.56389
61704.20290  g_LSST  25.75765  0.70773
61702.14320  r_LSST  26.93613  3.20756
61702.11850  g_LSST  25.95477  0.95229
61701.28550  z_LSST  24.26920  0.87912
61701.26050  i_LSST  26.91305  5.99008
61698.27780  r_LSST  25.47973  0.83283
61697.13880  r_LSST  25.15185  0.96616
61697.11450  g_LSST  25.76241  1.64711
61694.23780  z_LSST  25.72204  2.90512
61691.24800  z_LSST  28.30539  27.01134
61688.33790  z_LSST  25.79587  2.72407
61688.31400  i_LSST  25.53899  1.18349
61682.20290  r_LSST  26.46258  1.29170
61678.32250  i_LSST  26.14821  1.47171
61678.32120  i_LSST  25.47630  0.79261
61671.33730  g_LSST  25.15429  0.64516
61655.30240  r_LSST  28.33592  5.60402
61655.27760  g_LSST  26.30985  0.61866
61652.39440  r_LSST  28.30952  12.25130
61651.40200  i_LSST  25.49611  1.61749
61651.39070  r_LSST  25.79287  1.10783
61644.30600  r_LSST  26.18861  1.46612
61621.33510  r_LSST  27.24103  4.13638
61621.30370  g_LSST  26.73995  2.07239
61613.37580  i_LSST  26.82539  4.24916
61472.01610  z_LSST  23.71793  1.79779
61468.00960  i_LSST  24.32033  1.76032
61464.01540  i_LSST  24.30416  2.58954
61464.01230  i_LSST  24.22070  2.39794
61387.10800  g_LSST  26.86674  1.71013
61387.10760  g_LSST  26.00160  0.77086
61386.12290  z_LSST  24.42495  0.64348
61386.12060  z_LSST  24.38578  0.62068
61386.10360  i_LSST  26.61734  2.48681
61386.10130  i_LSST  25.81571  1.18848
61383.12910  i_LSST  26.62121  2.46766
61383.10360  r_LSST  26.73727  1.89322
61381.13060  i_LSST  26.57951  4.07300
61374.02980  z_LSST  27.71690  16.54714
61370.19200  r_LSST  25.19782  0.74299
61367.16220  z_LSST  27.16272  13.97024
61346.20230  g_LSST  25.94510  0.57091
61340.14190  z_LSST  27.01980  11.04188
61334.11380  r_LSST  25.31540  0.89258
61328.13210  r_LSST  28.40626  14.83052
61316.31820  i_LSST  25.10777  0.89799
61313.29750  z_LSST  26.04442  3.90618
61313.27220  i_LSST  24.63722  0.60743
61303.20340  r_LSST  25.96134  1.10733
61303.17930  i_LSST  24.84026  0.59871
61299.36780  i_LSST  25.34906  1.20039
61299.34100  r_LSST  25.09604  0.52550
61294.23490  z_LSST  25.90989  3.06254
61289.36900  g_LSST  26.98695  1.93653
61289.35100  g_LSST  25.03452  0.32066
61276.31090  i_LSST  24.85871  0.55183
61276.28670  r_LSST  24.68498  0.39736
61274.34020  i_LSST  25.93519  1.21476
61273.29850  z_LSST  24.39387  0.71999
61266.33220  z_LSST  25.56924  1.97970
61266.30770  i_LSST  25.12523  0.83167
61264.41130  r_LSST  25.85158  0.82909
61248.39390  z_LSST  26.46908  3.90045
61248.39340  z_LSST  24.88514  0.90686
61244.39930  r_LSST  25.76160  1.27686
61237.43450  z_LSST  24.24320  0.90236
61237.42400  i_LSST  25.46429  1.48685
61236.39760  z_LSST  25.89051  4.33012
61216.41600  i_LSST  26.55393  6.12317
61172.42450  z_LSST  23.56860  1.18921
61172.42350  z_LSST  23.56534  1.18564
61172.42260  z_LSST  23.41504  1.03237
61100.01140  z_LSST  24.80191  3.96151
61043.06980  z_LSST  25.22262  2.79774
61033.08120  r_LSST  28.03804  5.36354
61020.12760  z_LSST  25.68624  2.41638
61012.19330  i_LSST  25.17728  1.60634
61003.07620  i_LSST  26.07450  1.50061
61003.05040  r_LSST  28.76872  10.65252
60999.03130  z_LSST  26.45477  4.79279
60999.01870  i_LSST  24.63076  0.78769
60992.19450  i_LSST  26.82355  2.67940
60992.17000  r_LSST  29.87974  37.95261
60978.20250  z_LSST  24.77986  0.93765
60978.20160  z_LSST  24.36527  0.64004
60969.12880  g_LSST  26.48429  1.30589
60961.12500  g_LSST  27.72361  2.87923
60959.12040  g_LSST  27.82591  4.48591
60957.20160  i_LSST  25.98804  2.73623
60957.17700  z_LSST  26.21660  3.96509
60948.31050  g_LSST  26.41488  1.19338
60936.36130  i_LSST  28.40071  17.99236
60931.38640  i_LSST  28.72933  32.70039
60931.36230  r_LSST  25.40247  0.86593
60923.23380  z_LSST  24.71314  1.11848
60921.36900  i_LSST  24.21308  0.30987
60910.30690  i_LSST  26.79515  3.62190
60904.38720  z_LSST  25.32679  1.42740
60903.41690  z_LSST  25.25860  2.44379
