# ================================
# SNID: 103227
# RA: 61.19428253173828
# DEC: -47.604801177978516
# ================================
NVAR: 4
VARNAMES: MJD FLT MAG MAGERR
61475.06180  i_LSST  24.58191  1.09497
61475.06140  i_LSST  26.85185  8.85891
61475.03720  z_LSST  24.60163  0.82082
61474.06080  z_LSST  24.98789  1.09718
61474.05990  z_LSST  25.97472  2.72275
61474.05950  z_LSST  28.75677  35.30436
61474.05910  z_LSST  24.49942  0.69967
61474.05870  z_LSST  26.19442  3.33340
61474.05830  z_LSST  24.14586  0.50520
61474.05780  z_LSST  25.85774  2.44465
61474.05740  z_LSST  24.74367  0.87617
61474.05660  z_LSST  24.81462  0.93534
61474.04900  u_LSST  25.02044  0.64016
61474.04820  u_LSST  24.71224  0.48196
61474.04410  r_LSST  27.05571  2.78244
61474.04370  r_LSST  26.42795  1.56071
61474.04280  r_LSST  25.44549  0.63144
61474.04240  r_LSST  25.40042  0.60577
61474.04120  r_LSST  28.54740  10.99259
61474.03520  i_LSST  26.32690  2.07103
61474.03430  i_LSST  34.66944  4499.88607
61474.03390  i_LSST  25.62038  1.08039
61474.03350  i_LSST  25.38221  0.86759
61474.03270  i_LSST  24.75012  0.48470
61474.03180  i_LSST  25.10844  0.67422
61474.03140  i_LSST  26.45293  2.32595
61474.02540  g_LSST  25.66100  0.86301
61474.02500  g_LSST  27.34683  4.07706
61474.02460  g_LSST  29.24402  23.40045
61474.02420  g_LSST  25.61560  0.82767
61467.06800  z_LSST  25.93876  2.61827
61467.06710  z_LSST  26.22316  3.40231
61467.06670  z_LSST  27.63546  12.49375
61467.06500  z_LSST  24.67703  0.81907
61467.06420  z_LSST  27.70059  13.26616
61467.05740  u_LSST  25.48068  0.92365
61467.05290  r_LSST  28.71078  11.41404
61467.05250  r_LSST  25.98454  0.92671
61467.05130  r_LSST  25.31690  0.50105
61467.05080  r_LSST  26.60731  1.64456
61467.05040  r_LSST  26.93645  2.22693
61467.05000  r_LSST  26.70114  1.79301
61467.04920  r_LSST  27.28815  3.07884
61467.04320  i_LSST  25.81262  1.43099
61467.04190  i_LSST  25.27019  0.86828
61467.04110  i_LSST  26.08545  1.83979
61467.04070  i_LSST  30.55281  112.64462
61467.03990  i_LSST  29.12501  30.24058
61467.03350  g_LSST  26.60849  1.00454
61460.07630  z_LSST  24.53331  0.83224
61460.07510  z_LSST  24.60479  0.88888
61460.07420  z_LSST  28.32953  27.46224
61460.07380  z_LSST  24.51753  0.82023
61460.07340  z_LSST  26.41182  4.69518
61460.07300  z_LSST  24.38225  0.72414
61460.07260  z_LSST  24.78975  1.05396
61460.05640  r_LSST  25.82410  0.99748
61460.05600  r_LSST  26.90911  2.70961
61460.05560  r_LSST  27.79039  6.10127
61460.05390  r_LSST  26.62258  2.08111
61460.05310  r_LSST  26.07223  1.25359
61460.04710  i_LSST  25.47556  0.94557
61460.04670  i_LSST  26.91667  3.56564
61460.04630  i_LSST  26.25234  1.93377
61460.04590  i_LSST  26.87536  3.43252
61460.04540  i_LSST  24.79170  0.50367
61460.04460  i_LSST  25.25954  0.77497
61460.04420  i_LSST  25.54662  1.00953
61460.03740  g_LSST  27.44770  2.19596
61460.03700  g_LSST  26.79681  1.20578
61460.03650  g_LSST  26.39183  0.83038
61454.02480  z_LSST  24.07341  0.67787
61453.03470  z_LSST  26.82965  7.81682
61452.08400  z_LSST  24.75777  1.10616
61452.08360  z_LSST  26.25166  4.37903
61452.08320  z_LSST  24.08718  0.59646
61452.08190  z_LSST  25.95793  3.34106
61452.08150  z_LSST  24.30858  0.73138
61452.08110  z_LSST  26.99819  8.70943
61452.07980  z_LSST  25.64200  2.49755
61452.07940  z_LSST  24.30566  0.72942
61452.07810  z_LSST  25.41366  2.02385
61452.07730  z_LSST  25.14102  1.57443
61452.07690  z_LSST  26.37808  4.91979
61452.07520  z_LSST  26.18796  4.12951
61452.07480  z_LSST  24.11715  0.61316
61452.07440  z_LSST  25.19246  1.65080
61452.06240  r_LSST  24.76014  0.60529
61452.06040  r_LSST  25.23066  0.93362
61452.05910  r_LSST  24.61936  0.53168
61452.05820  r_LSST  24.77696  0.61474
61452.05740  r_LSST  25.50739  1.20465
61452.05700  r_LSST  25.83190  1.62429
61452.05620  r_LSST  24.83248  0.64699
61452.05350  i_LSST  25.69516  1.88231
61452.05270  i_LSST  25.27443  1.27761
61452.05190  i_LSST  23.91672  0.36586
61452.05150  i_LSST  25.27987  1.28403
61452.05100  i_LSST  26.10710  2.75084
61452.05020  i_LSST  26.55440  4.15324
61452.04930  i_LSST  25.24837  1.24731
61452.04810  i_LSST  25.62730  1.76826
61452.04730  i_LSST  25.46747  1.52621
61452.04420  g_LSST  26.77766  3.30451
61452.04340  g_LSST  25.47340  0.99404
61452.04300  g_LSST  25.42848  0.95375
61447.15190  r_LSST  28.08562  12.75866
61445.08660  z_LSST  25.48945  2.56122
61445.08580  z_LSST  28.11831  28.83963
61445.08490  z_LSST  25.70103  3.11227
61445.08450  z_LSST  24.59208  1.12072
61445.08410  z_LSST  27.01700  10.45844
61445.08370  z_LSST  26.40914  5.97479
61445.08330  z_LSST  25.18610  1.93689
61445.07560  u_LSST  25.27120  0.92577
61445.07450  u_LSST  25.05610  0.75939
61445.07070  r_LSST  25.18854  0.56647
61445.07030  r_LSST  25.98163  1.17602
61445.06990  r_LSST  27.55494  5.00887
61445.06740  r_LSST  26.35440  1.65776
61445.06060  i_LSST  25.01981  0.74126
61445.05850  i_LSST  27.12271  5.14203
61445.05810  i_LSST  26.47642  2.83541
61445.05170  g_LSST  26.07123  0.73503
61445.05120  g_LSST  27.53857  2.83947
61445.05040  g_LSST  26.64067  1.24187
61445.05000  g_LSST  28.28222  5.63245
61445.02770  i_LSST  25.24730  0.91405
61438.03780  i_LSST  28.08975  13.69098
61437.10270  z_LSST  28.82049  65.43066
61437.10140  z_LSST  24.58452  1.32249
61437.10060  z_LSST  25.51504  3.11602
61437.09970  z_LSST  24.00233  0.77360
61437.09890  z_LSST  24.97724  1.89881
61437.09850  z_LSST  26.49132  7.65792
61437.08130  u_LSST  27.27935  11.64732
61437.08090  u_LSST  25.37680  2.01934
61437.07760  r_LSST  25.10780  0.61890
61437.07670  r_LSST  26.06372  1.49275
61437.07590  r_LSST  26.45527  2.14095
61437.07460  r_LSST  25.53528  0.91751
61437.07420  r_LSST  25.81804  1.19046
61437.07380  r_LSST  28.74535  17.64560
61437.06700  i_LSST  26.11239  2.09613
61437.06620  i_LSST  24.56437  0.50375
61437.06570  i_LSST  27.61735  8.38308
61437.05770  g_LSST  28.51581  8.51397
61430.17570  z_LSST  25.33343  2.37922
61430.17530  z_LSST  24.59410  1.20421
61430.17410  z_LSST  25.06614  1.86002
61430.17360  z_LSST  24.68122  1.30481
61430.17280  z_LSST  24.62917  1.24374
61430.17240  z_LSST  24.16090  0.80802
61430.17200  z_LSST  24.88617  1.57591
61430.17110  z_LSST  26.20231  5.29646
61430.15540  r_LSST  25.14511  1.10121
61430.15460  r_LSST  27.15949  7.04081
61430.15420  r_LSST  25.18687  1.14439
61430.15210  r_LSST  26.57712  4.11789
61430.14570  i_LSST  25.37787  1.62243
61430.14490  i_LSST  24.10697  0.50328
61430.14440  i_LSST  24.87620  1.02211
61430.14190  i_LSST  26.40619  4.18305
61430.13510  g_LSST  25.11214  1.14677
61430.13430  g_LSST  24.84456  0.89628
61425.09720  z_LSST  24.19735  0.58984
61423.27280  z_LSST  24.61671  2.46462
61423.27240  z_LSST  24.01247  1.41271
61423.27110  z_LSST  25.06479  3.72375
61423.26990  z_LSST  24.79924  2.91584
61423.26910  z_LSST  23.75305  1.11247
61423.25210  r_LSST  25.61357  1.57283
61423.25170  r_LSST  24.94545  0.85003
61423.24920  r_LSST  25.32827  1.20938
61423.24280  i_LSST  25.18533  1.61090
61423.24240  i_LSST  25.98898  3.37698
61423.24190  i_LSST  25.33941  1.85653
61423.24110  i_LSST  24.38067  0.76773
61423.24070  i_LSST  26.07043  3.64007
61423.23220  g_LSST  26.14465  1.21489
61415.13820  r_LSST  26.12500  1.16594
61415.11410  g_LSST  27.60049  4.69339
61415.11230  z_LSST  24.69025  1.25974
61415.11190  z_LSST  23.83039  0.57061
61415.11140  z_LSST  23.94215  0.63247
61415.11060  z_LSST  26.75133  8.40839
61415.11020  z_LSST  25.73630  3.30143
61415.10890  z_LSST  24.41389  0.97664
61415.10850  z_LSST  26.40580  6.11646
61415.10810  z_LSST  25.05158  1.75716
61415.10770  z_LSST  26.24465  5.27281
61415.10090  u_LSST  26.42356  2.98582
61415.09640  r_LSST  30.12307  46.33436
61415.09600  r_LSST  26.17716  1.22332
61415.09430  r_LSST  28.24486  8.21523
61415.09390  r_LSST  25.83755  0.89474
61415.09350  r_LSST  25.28523  0.53798
61415.08670  i_LSST  26.82884  4.49733
61415.08620  i_LSST  25.84637  1.81957
61415.08580  i_LSST  26.22717  2.58399
61415.08460  i_LSST  27.57643  8.95347
61415.08420  i_LSST  25.27998  1.07997
61415.08330  i_LSST  25.57085  1.41175
61415.08290  i_LSST  25.19941  1.00273
61415.07650  g_LSST  27.37969  3.82972
61415.07610  g_LSST  26.89506  2.45083
61415.07570  g_LSST  26.53617  1.76100
61408.19530  z_LSST  25.12595  1.72837
61408.19490  z_LSST  24.27942  0.79254
61408.19440  z_LSST  25.28753  2.00570
61408.19400  z_LSST  24.46329  0.93879
61408.19360  z_LSST  24.27035  0.78595
61408.19280  z_LSST  24.62184  1.08641
61408.19230  z_LSST  24.50590  0.97637
61408.19190  z_LSST  26.02030  3.93888
61408.16520  z_LSST  24.33347  0.83299
61408.16360  z_LSST  24.51772  0.98705
61408.16310  z_LSST  24.12660  0.68849
61408.16020  u_LSST  25.12128  0.79383
61408.15940  u_LSST  25.17382  0.83319
61408.15860  u_LSST  25.21347  0.86418
61408.15780  u_LSST  26.45524  2.71212
61408.15560  r_LSST  28.66660  13.47107
61408.15520  r_LSST  26.01184  1.16815
61408.15480  r_LSST  26.84554  2.51755
61408.15270  r_LSST  26.10972  1.27835
61408.15230  r_LSST  29.21479  22.31908
61408.15100  r_LSST  25.04408  0.47906
61408.15060  r_LSST  25.75281  0.92021
61408.14510  i_LSST  26.95308  4.46868
61408.14470  i_LSST  27.32187  6.27616
61408.14420  i_LSST  25.02366  0.75581
61408.14340  i_LSST  28.10915  12.96008
61408.14260  i_LSST  27.97791  11.48452
61408.14170  i_LSST  25.60145  1.28685
61408.14130  i_LSST  25.47184  1.14205
61408.14050  i_LSST  25.91882  1.72376
61408.14000  i_LSST  25.28546  0.96191
61408.13960  i_LSST  24.92643  0.69107
61408.13920  i_LSST  26.07061  1.98240
61408.13880  i_LSST  25.23229  0.91593
61408.13620  g_LSST  27.83116  5.01257
61408.13580  g_LSST  26.72658  1.81229
61408.13530  g_LSST  27.94370  5.56004
61408.13490  g_LSST  26.64096  1.67487
61408.13280  g_LSST  26.16102  1.07648
61401.13580  z_LSST  26.38353  4.20373
61401.13540  z_LSST  31.19228  352.47953
61401.13410  z_LSST  24.25524  0.59199
61401.13250  z_LSST  25.76568  2.37954
61401.11670  r_LSST  26.75367  2.82154
61401.11630  r_LSST  24.61689  0.39425
61401.11580  r_LSST  25.49863  0.88812
61401.11540  r_LSST  25.17895  0.66161
61401.11500  r_LSST  26.23787  1.75454
61401.11380  r_LSST  25.12385  0.62887
61401.11330  r_LSST  27.07790  3.80347
61401.10700  i_LSST  25.55356  1.53469
61401.10610  i_LSST  24.83168  0.78935
61401.10570  i_LSST  24.75020  0.73228
61401.10450  i_LSST  25.38201  1.31039
61401.10360  i_LSST  26.36055  3.22713
61401.09720  g_LSST  26.31682  0.90365
61401.09600  g_LSST  26.45435  1.02568
61400.12670  g_LSST  24.96855  0.99353
61395.14930  z_LSST  28.90023  37.57848
61395.14890  z_LSST  24.59752  0.71426
61395.14760  z_LSST  24.93305  0.97290
61395.14720  z_LSST  26.08199  2.80313
61395.14640  z_LSST  25.06622  1.09986
61395.14550  z_LSST  26.42183  3.83336
61395.12980  r_LSST  26.63325  3.24084
61395.12810  r_LSST  25.89826  1.64688
61395.12770  r_LSST  25.47911  1.11944
61395.12730  r_LSST  25.21430  0.87716
61395.12680  r_LSST  25.12153  0.80533
61395.12640  r_LSST  26.03899  1.87480
61395.12000  i_LSST  25.50504  1.44219
61395.11960  i_LSST  25.59195  1.56238
61395.11920  i_LSST  24.51284  0.57829
61395.11790  i_LSST  25.86801  2.01470
61395.11750  i_LSST  25.56843  1.52890
61395.10900  g_LSST  27.32831  5.55349
61386.17440  z_LSST  24.88126  0.82105
61386.17360  z_LSST  27.21167  7.02322
61386.17320  z_LSST  24.46046  0.55725
61386.17110  z_LSST  25.24444  1.14721
61386.17030  z_LSST  25.51296  1.46910
61386.16980  z_LSST  27.52137  9.34144
61386.16900  z_LSST  25.14131  1.04326
61386.16860  z_LSST  24.18350  0.43179
61386.16730  z_LSST  24.48946  0.57234
61386.16270  u_LSST  25.99377  1.23346
61386.16150  u_LSST  28.82835  16.78627
61386.16110  u_LSST  27.18042  3.67946
61386.15730  r_LSST  26.43070  1.14813
61386.15690  r_LSST  26.78577  1.59228
61386.15600  r_LSST  27.52509  3.14590
61386.15560  r_LSST  26.66681  1.42703
61386.15520  r_LSST  27.08039  2.08865
61386.15390  r_LSST  27.08663  2.10069
61386.15350  r_LSST  27.10626  2.13901
61386.15270  r_LSST  28.05472  5.12386
61386.15180  r_LSST  27.01076  1.95890
61386.15100  r_LSST  25.77448  0.62734
61386.14920  i_LSST  25.85907  1.11319
61386.14880  i_LSST  25.50039  0.80001
61386.14840  i_LSST  24.70888  0.38592
61386.14670  i_LSST  25.54815  0.83599
61386.14630  i_LSST  27.80995  6.71307
61386.14420  i_LSST  24.88913  0.45561
61386.14380  i_LSST  29.16565  23.39921
61386.14330  i_LSST  25.23869  0.62866
61386.14250  i_LSST  25.33263  0.68548
61386.14210  i_LSST  26.37845  1.79606
61386.14170  i_LSST  26.11376  1.40749
61386.14130  i_LSST  29.85387  44.10517
61386.13860  g_LSST  27.58896  2.22419
61386.13820  g_LSST  26.48006  0.80096
61386.13780  g_LSST  28.72546  6.33530
61386.13610  g_LSST  27.33194  1.75534
61384.15940  g_LSST  26.65277  1.01341
61381.21860  i_LSST  25.03039  0.75904
61381.21810  i_LSST  24.31212  0.39171
61381.19380  z_LSST  24.31286  0.65443
61379.19450  z_LSST  26.82298  6.39305
61379.19160  z_LSST  24.71043  0.91346
61379.19120  z_LSST  26.46260  4.58726
61379.18320  u_LSST  27.38658  5.61664
61379.17910  r_LSST  26.29113  1.45335
61379.17820  r_LSST  27.74513  5.54588
61379.17780  r_LSST  25.58702  0.75985
61379.17740  r_LSST  25.71103  0.85178
61379.17700  r_LSST  26.65675  2.03524
61379.17610  r_LSST  26.64371  2.01095
61379.17570  r_LSST  25.59188  0.76326
61379.16770  i_LSST  26.26829  2.10972
61379.16680  i_LSST  25.97849  1.61548
61379.16600  i_LSST  25.62482  1.16637
61379.15960  g_LSST  27.93775  3.97380
61379.15920  g_LSST  25.91427  0.61633
61379.15880  g_LSST  26.12584  0.74893
61379.15830  g_LSST  27.78306  3.44611
61376.17520  i_LSST  25.34109  0.98075
61374.20750  r_LSST  25.55911  1.02918
61372.16360  z_LSST  24.14062  0.54923
61372.16280  z_LSST  25.91813  2.82328
61372.16070  z_LSST  25.15836  1.40232
61372.16030  z_LSST  24.68692  0.90839
61372.15990  z_LSST  25.08472  1.31037
61372.14320  r_LSST  25.84621  0.94411
61372.14240  r_LSST  25.27022  0.55543
61372.14200  r_LSST  26.35165  1.50383
61372.14120  r_LSST  27.25890  3.46817
61372.14030  r_LSST  29.15601  19.90410
61372.13430  i_LSST  26.46798  2.33507
61372.13350  i_LSST  25.94029  1.43623
61372.13310  i_LSST  26.85624  3.33890
61372.13230  i_LSST  25.36139  0.84269
61372.13180  i_LSST  27.25829  4.83531
61372.13060  i_LSST  27.08509  4.12236
61372.12580  g_LSST  26.10549  0.62309
61372.12540  g_LSST  26.09232  0.61557
61365.14230  z_LSST  24.86384  1.54255
61365.11930  z_LSST  24.78667  1.43672
61365.11890  z_LSST  26.99789  11.01180
61365.11760  z_LSST  24.57216  1.17915
61365.11720  z_LSST  26.11831  4.89807
61365.11600  z_LSST  25.82802  3.74896
61365.11550  z_LSST  24.64414  1.25997
61365.09940  r_LSST  26.13955  2.78034
61365.09900  r_LSST  25.36000  1.35606
61365.09770  r_LSST  26.08572  2.64587
61365.09730  r_LSST  24.91888  0.90330
61365.09690  r_LSST  27.34535  8.44153
61365.09610  r_LSST  26.13872  2.77822
61365.08800  i_LSST  24.13749  0.58871
61365.08670  i_LSST  24.22893  0.64044
61365.08630  i_LSST  25.56376  2.18982
61364.28390  g_LSST  25.96872  0.59702
61364.28340  g_LSST  29.01249  9.85142
61364.28300  g_LSST  26.75001  1.22605
61364.28260  g_LSST  26.11810  0.68508
61364.17310  i_LSST  28.68416  26.32274
61357.25380  z_LSST  27.26240  10.55043
61357.25170  z_LSST  26.02915  3.38820
61357.25130  z_LSST  24.84758  1.14115
61357.25010  z_LSST  25.59703  2.27574
61357.24960  z_LSST  24.92945  1.23052
61357.24920  z_LSST  25.37115  1.84829
61357.24240  u_LSST  25.08588  0.92038
61357.24130  u_LSST  25.56959  1.43698
61357.23790  r_LSST  25.10058  0.64868
61357.23540  r_LSST  27.21814  4.56093
61357.23460  r_LSST  25.25794  0.74985
61357.23420  r_LSST  27.36425  5.21795
61357.22820  i_LSST  25.87087  2.18218
61357.22730  i_LSST  26.52197  3.97494
61357.22610  i_LSST  25.88353  2.20778
61357.22440  i_LSST  25.63855  1.76184
61357.21840  g_LSST  25.65602  0.63213
61357.21800  g_LSST  25.64260  0.62437
61357.21760  g_LSST  26.11518  0.96487
61357.21720  g_LSST  25.86440  0.76587
61357.21680  g_LSST  26.88157  1.95445
61346.31200  r_LSST  24.92885  0.43286
61346.28760  i_LSST  25.49200  0.92605
61342.13770  z_LSST  25.51273  3.16700
61342.13510  z_LSST  24.66559  1.45142
61342.13470  z_LSST  23.95857  0.75680
61342.13430  z_LSST  24.79296  1.63208
61342.13390  z_LSST  24.71515  1.51921
61342.11730  r_LSST  28.05363  13.65689
61342.11690  r_LSST  26.96163  4.99517
61342.11650  r_LSST  24.77954  0.66945
61342.11530  r_LSST  25.97857  2.01989
61342.11480  r_LSST  25.70831  1.57480
61342.11360  r_LSST  27.86766  11.50708
61342.10760  i_LSST  26.21437  3.26706
61342.10680  i_LSST  25.27781  1.37891
61342.10640  i_LSST  25.43322  1.59111
61342.10590  i_LSST  24.50795  0.67856
61342.10550  i_LSST  26.09933  2.93862
61342.10510  i_LSST  24.30072  0.56066
61342.10430  i_LSST  25.04162  1.10932
61342.09790  g_LSST  25.65627  0.87794
61342.09750  g_LSST  25.69890  0.91309
61342.09700  g_LSST  27.64663  5.49043
61342.09660  g_LSST  25.94229  1.14253
61342.09620  g_LSST  27.42234  4.46569
61338.19800  i_LSST  25.67208  1.71840
61337.34030  z_LSST  29.14961  53.02190
61336.07050  z_LSST  23.55000  0.60167
61336.06970  z_LSST  28.06646  38.54283
61336.06930  z_LSST  24.07795  0.97846
61336.06880  z_LSST  24.34347  1.24954
61336.06760  z_LSST  28.24336  45.36326
61336.06720  z_LSST  24.42133  1.34243
61336.06680  z_LSST  23.89283  0.82507
61336.06550  z_LSST  24.33412  1.23883
61336.06420  z_LSST  24.01450  0.92292
61336.06380  z_LSST  23.78760  0.74886
61336.06300  z_LSST  23.96248  0.87974
61335.35730  z_LSST  24.41064  1.28931
61335.34540  r_LSST  26.55350  1.45229
61335.34450  r_LSST  26.22653  1.07464
61335.34410  r_LSST  27.96686  5.33819
61335.34330  r_LSST  26.91971  2.03486
61335.34240  r_LSST  28.02581  5.63608
61335.34120  r_LSST  27.08369  2.36661
61335.34030  r_LSST  27.32292  2.94998
61335.33990  r_LSST  26.09811  0.95476
61335.33950  r_LSST  28.46281  8.42899
61335.33910  r_LSST  25.69268  0.65724
61335.33870  r_LSST  27.38565  3.12544
61335.33650  i_LSST  26.00127  1.53389
61335.33610  i_LSST  25.25696  0.77280
61335.33570  i_LSST  28.10289  10.62771
61335.33520  i_LSST  25.58697  1.04731
61335.33440  i_LSST  25.45058  0.92367
61335.33360  i_LSST  25.79255  1.26562
61335.33270  i_LSST  25.89537  1.39134
61335.33230  i_LSST  25.13954  0.69359
61335.33100  i_LSST  25.90747  1.40693
61335.32940  i_LSST  26.09197  1.66752
61335.32900  i_LSST  27.43908  5.76655
61335.32550  g_LSST  27.23835  1.85318
61335.32510  g_LSST  27.36503  2.08251
61335.32460  g_LSST  26.64060  1.06860
61335.32420  g_LSST  27.46504  2.28345
61335.32380  g_LSST  26.92097  1.38346
61335.22640  z_LSST  24.50492  0.62103
61335.20240  i_LSST  26.34461  2.10440
61328.33100  z_LSST  24.98261  1.09680
61328.33050  z_LSST  26.57962  4.77453
61328.32930  z_LSST  24.63536  0.79658
61328.32840  z_LSST  25.54076  1.83395
61328.32800  z_LSST  24.58283  0.75895
61328.32760  z_LSST  24.87632  0.99451
61328.32680  z_LSST  25.75718  2.23848
61328.31950  u_LSST  24.91740  0.52685
61328.31500  r_LSST  27.14610  2.61253
61328.31380  r_LSST  25.04544  0.37739
61328.31340  r_LSST  26.64803  1.65132
61328.31250  r_LSST  26.57818  1.54843
61328.31210  r_LSST  26.36401  1.27123
61328.30450  i_LSST  26.56037  2.89272
61328.30410  i_LSST  24.83716  0.59159
61328.30360  i_LSST  26.83368  3.72074
61328.30320  i_LSST  26.53991  2.83870
61328.30240  i_LSST  26.43238  2.57103
61328.30200  i_LSST  25.30832  0.91303
61328.30160  i_LSST  26.24252  2.15857
61328.29510  g_LSST  25.60587  0.57034
61322.27490  z_LSST  24.75578  0.75146
61322.27450  z_LSST  29.26784  47.94370
61322.27320  z_LSST  26.25834  2.99869
61322.27280  z_LSST  24.93214  0.88399
61322.27200  z_LSST  25.36212  1.31354
61322.27160  z_LSST  26.50732  3.77156
61322.27110  z_LSST  27.76194  11.97765
61322.26940  z_LSST  24.49870  0.59303
61322.26900  z_LSST  24.92961  0.88194
61322.26860  z_LSST  25.82386  2.00973
61322.26820  z_LSST  27.54538  9.81179
61322.26650  z_LSST  25.52595  1.52747
61322.26350  u_LSST  30.47189  71.84961
61322.26320  u_LSST  29.13046  20.88584
61322.26280  u_LSST  25.74113  0.92071
61322.26200  u_LSST  27.47102  4.52979
61322.26160  u_LSST  25.86033  1.02755
61322.25940  r_LSST  28.31325  6.20392
61322.25820  r_LSST  26.28505  0.95804
61322.25780  r_LSST  26.95290  1.77225
61322.25610  r_LSST  26.69573  1.39849
61322.25520  r_LSST  25.65003  0.53380
61322.25400  r_LSST  25.89865  0.67116
61322.25360  r_LSST  26.55237  1.22550
61322.25270  r_LSST  27.32575  2.49841
61322.25190  r_LSST  25.94757  0.70210
61322.24970  i_LSST  25.90510  1.09094
61322.24930  i_LSST  24.80496  0.39604
61322.24890  i_LSST  25.75563  0.95063
61322.24840  i_LSST  26.00327  1.19417
61322.24800  i_LSST  27.76843  6.06922
61322.24760  i_LSST  25.61847  0.83781
61322.24720  i_LSST  25.78495  0.97665
61322.24680  i_LSST  26.79108  2.46712
61322.24640  i_LSST  25.22536  0.58331
61322.24510  i_LSST  25.78909  0.98038
61322.24380  i_LSST  27.97351  7.33100
61322.24260  i_LSST  26.59162  2.05310
61322.24170  i_LSST  28.45150  11.38567
61322.23910  g_LSST  26.76535  1.05761
61322.23870  g_LSST  27.67406  2.44236
61322.23830  g_LSST  26.76032  1.05272
61322.23730  g_LSST  27.27116  1.68519
61322.23680  g_LSST  27.33095  1.78060
61314.23460  z_LSST  25.14139  1.31868
61314.23420  z_LSST  24.35597  0.63969
61314.23380  z_LSST  24.42374  0.68090
61314.23340  z_LSST  29.42781  68.34525
61314.23210  z_LSST  26.26250  3.70325
61314.23130  z_LSST  25.28815  1.50954
61314.23090  z_LSST  24.11849  0.51402
61314.23010  z_LSST  25.13652  1.31278
61313.36770  r_LSST  24.91056  0.74477
61313.36650  r_LSST  26.69400  3.84946
61313.36520  r_LSST  25.54107  1.33115
61313.36310  r_LSST  28.10216  14.08195
61313.36180  r_LSST  27.23644  6.34414
61313.36100  r_LSST  25.96705  1.97069
61313.36060  r_LSST  26.52391  3.29126
61313.35800  i_LSST  29.28008  43.27657
61313.35760  i_LSST  25.40012  1.21415
61313.35710  i_LSST  24.96976  0.81682
61313.35630  i_LSST  24.50465  0.53221
61313.35590  i_LSST  24.41831  0.49152
61313.35460  i_LSST  24.56847  0.56443
61313.35420  i_LSST  24.72867  0.65417
61313.35380  i_LSST  23.96934  0.32506
61313.35210  i_LSST  25.48707  1.31538
61313.35090  i_LSST  25.33388  1.14228
61313.35000  i_LSST  26.34827  2.90756
61313.34820  g_LSST  25.24305  0.83391
61313.34740  g_LSST  26.79482  3.48196
61313.34700  g_LSST  24.68556  0.49902
61313.34660  g_LSST  25.71120  1.28344
61313.34570  g_LSST  26.64108  3.02224
61313.34530  g_LSST  25.87058  1.48637
61313.34490  g_LSST  27.82431  8.98714
61311.31390  z_LSST  27.51954  15.28089
61307.34150  z_LSST  24.87942  0.82546
61307.34100  z_LSST  25.52446  1.49525
61307.34060  z_LSST  24.93547  0.86919
61307.34020  z_LSST  26.26444  2.95600
61307.33940  z_LSST  25.82442  1.97104
61307.33810  z_LSST  25.76325  1.86307
61307.33680  z_LSST  25.18054  1.08929
61307.33640  z_LSST  25.73111  1.80873
61307.33600  z_LSST  26.48869  3.63417
61307.33520  z_LSST  25.69631  1.75167
61307.33390  z_LSST  24.76560  0.74331
61307.33350  z_LSST  26.32358  3.12149
61307.33310  z_LSST  25.85850  2.03390
61307.31980  r_LSST  25.98683  1.28707
61307.31940  r_LSST  26.89189  2.96228
61307.31900  r_LSST  25.02859  0.53248
61307.31860  r_LSST  25.93145  1.22307
61307.31770  r_LSST  25.54495  0.85675
61307.31690  r_LSST  25.79063  1.07430
61307.31650  r_LSST  26.94571  3.11284
61307.31600  r_LSST  25.91536  1.20508
61307.31560  r_LSST  24.71759  0.39986
61307.31400  r_LSST  26.64724  2.36464
61307.31130  i_LSST  25.92675  1.45474
61307.31010  i_LSST  24.86960  0.54945
61307.30930  i_LSST  25.30257  0.81868
61307.30880  i_LSST  25.49399  0.97653
61307.30840  i_LSST  25.63400  1.11093
61307.30800  i_LSST  25.59284  1.06961
61307.30710  i_LSST  27.87641  8.76294
61307.30670  i_LSST  24.67153  0.45782
61307.30630  i_LSST  25.18709  0.73608
61307.30590  i_LSST  26.55697  2.59941
61307.30550  i_LSST  26.44501  2.34471
61307.30160  g_LSST  26.69894  3.95401
61307.30120  g_LSST  26.28363  2.69718
61307.30040  g_LSST  25.54865  1.37063
61307.29910  g_LSST  25.42636  1.22462
61307.29870  g_LSST  25.56924  1.39687
61307.29820  g_LSST  25.20291  0.99684
61300.35110  i_LSST  25.41224  0.85966
61300.32610  r_LSST  28.12760  6.71341
61299.38530  i_LSST  24.60589  0.45972
61299.38490  i_LSST  25.02524  0.67645
61299.38450  i_LSST  26.50082  2.63309
61299.38410  i_LSST  27.10521  4.59434
61299.38370  i_LSST  25.06512  0.70175
61299.38330  i_LSST  24.53693  0.43143
61299.38280  i_LSST  25.37451  0.93313
61299.38240  i_LSST  25.13469  0.74819
61299.38200  i_LSST  26.73558  3.26864
61299.38160  i_LSST  27.72448  8.12699
61299.37480  g_LSST  25.96987  0.74950
61294.39350  r_LSST  27.64881  5.17620
61294.39220  r_LSST  25.28289  0.58566
61292.20660  z_LSST  23.32146  0.38485
61292.20620  z_LSST  25.21104  2.19340
61292.20580  z_LSST  26.04886  4.74512
61292.20540  z_LSST  25.73850  3.56536
61292.20410  z_LSST  25.10221  1.98421
61292.20370  z_LSST  27.11827  12.70612
61292.20290  z_LSST  24.53085  1.17231
61292.19560  u_LSST  25.06698  1.82035
61292.19490  u_LSST  25.26665  2.18787
61291.39540  r_LSST  25.46612  0.62609
61291.39460  r_LSST  26.99354  2.55624
61291.39420  r_LSST  27.34512  3.53373
61291.39370  r_LSST  26.11905  1.14237
61291.39250  r_LSST  25.33531  0.55502
61291.38610  i_LSST  27.61124  6.56435
61291.38530  i_LSST  25.96724  1.44408
61291.38480  i_LSST  26.99869  3.73398
61291.38440  i_LSST  26.76437  3.00916
61291.38400  i_LSST  26.69134  2.81341
61291.38360  i_LSST  24.98819  0.58610
61291.38280  i_LSST  28.70958  18.05216
61291.37680  g_LSST  29.56442  15.72191
61291.37590  g_LSST  26.50612  0.94012
61291.37550  g_LSST  26.90278  1.35471
61286.29730  z_LSST  26.43894  4.80853
61286.29640  z_LSST  25.83983  2.76928
61286.29560  z_LSST  25.50618  2.03661
61286.29480  z_LSST  24.13284  0.57487
61286.29430  z_LSST  24.39686  0.73313
61286.29390  z_LSST  25.40418  1.85400
61286.29350  z_LSST  26.04236  3.33719
61286.29310  z_LSST  26.28924  4.18921
61286.27700  r_LSST  24.89125  0.58723
61286.27650  r_LSST  24.69426  0.48979
61286.27450  r_LSST  25.39790  0.93642
61286.27400  r_LSST  25.98024  1.60106
61286.27320  r_LSST  25.02963  0.66706
61286.26720  i_LSST  29.77307  74.11624
61286.26680  i_LSST  26.03138  2.36177
61286.26640  i_LSST  23.97715  0.35608
61286.26470  i_LSST  25.16991  1.06819
61286.26430  i_LSST  26.46974  3.53657
61286.26350  i_LSST  26.47885  3.56635
61284.40080  g_LSST  25.92351  1.55609
61284.40030  g_LSST  28.15753  12.17995
61284.39990  g_LSST  25.48872  1.04261
61282.38900  i_LSST  25.39942  1.08748
61281.32420  z_LSST  25.24982  1.44754
61281.30010  i_LSST  24.64959  0.67815
61277.37680  i_LSST  25.96248  1.44320
61270.27240  z_LSST  24.89219  1.61191
61270.27110  z_LSST  24.68689  1.33421
61270.27030  z_LSST  30.82250  379.72314
61270.26990  z_LSST  24.47001  1.09262
61270.26950  z_LSST  24.25196  0.89382
61270.26910  z_LSST  25.89448  4.05747
61270.26860  z_LSST  25.94520  4.25152
61270.26820  z_LSST  26.27261  5.74788
61270.26780  z_LSST  25.17565  2.09278
61270.25990  u_LSST  24.99937  1.25460
61270.25570  r_LSST  26.12528  1.74310
61270.25530  r_LSST  25.30143  0.81617
61270.25490  r_LSST  25.72500  1.20561
61270.25400  r_LSST  25.98712  1.53481
61270.25360  r_LSST  29.67411  45.79856
61270.24640  i_LSST  26.72915  6.37330
61270.24550  i_LSST  25.53476  2.12133
61270.24510  i_LSST  24.92630  1.21123
61270.24470  i_LSST  23.73223  0.40327
61270.24390  i_LSST  25.55598  2.16320
61270.23660  g_LSST  25.66347  0.98394
61270.23620  g_LSST  25.54493  0.88217
61270.23580  g_LSST  24.96396  0.51661
61264.38700  z_LSST  24.37671  0.85591
61264.38660  z_LSST  24.52659  0.98260
61264.38610  z_LSST  24.89960  1.38541
61264.38570  z_LSST  26.74855  7.60608
61264.38530  z_LSST  24.34580  0.83188
61264.38450  z_LSST  26.23521  4.74051
61264.38400  z_LSST  24.62313  1.07397
61264.38360  z_LSST  26.25070  4.80865
61264.38320  z_LSST  25.44896  2.29788
61264.38240  z_LSST  24.59091  1.04257
61264.37520  u_LSST  26.97544  4.90756
61264.37110  r_LSST  26.44728  1.78010
61264.37070  r_LSST  25.36757  0.65851
61264.37030  r_LSST  26.92741  2.77010
61264.36980  r_LSST  26.85390  2.58876
61264.36940  r_LSST  25.07332  0.50218
61264.36900  r_LSST  25.58038  0.80110
61264.36780  r_LSST  25.42683  0.69545
61264.36730  r_LSST  24.95465  0.45019
61262.41990  i_LSST  27.84584  10.04896
61262.41940  i_LSST  25.25211  0.92179
61262.41900  i_LSST  24.82316  0.62094
61262.41860  i_LSST  25.76774  1.48211
61262.41820  i_LSST  25.02748  0.74951
61262.41650  i_LSST  25.90597  1.68334
61262.41010  g_LSST  27.59866  3.56199
61262.40930  g_LSST  26.54977  1.35562
61257.41510  z_LSST  25.68669  3.06314
61232.41460  i_LSST  26.50991  3.26265
61139.01230  z_LSST  23.11259  0.34772
61108.11270  z_LSST  24.12221  0.92389
61108.11230  z_LSST  22.97972  0.32257
61108.06500  z_LSST  23.27029  0.42155
61108.06460  z_LSST  23.08505  0.35543
61108.06420  z_LSST  24.04028  0.85674
61108.06380  z_LSST  23.12579  0.36902
61108.06340  z_LSST  22.71169  0.25201
61108.06290  z_LSST  23.36111  0.45833
61108.06250  z_LSST  23.05563  0.34593
61108.06210  z_LSST  23.15784  0.38008
61108.06170  z_LSST  23.78025  0.67427
61108.06130  z_LSST  23.23264  0.40719
61108.04560  r_LSST  23.20287  0.12135
61108.04510  r_LSST  23.01055  0.10165
61108.04470  r_LSST  23.16715  0.11742
61108.04430  r_LSST  23.27560  0.12976
61108.04390  r_LSST  23.02980  0.10347
61108.04350  r_LSST  23.15795  0.11643
61108.04310  r_LSST  23.57486  0.17094
61108.04260  r_LSST  23.15790  0.11643
61108.04220  r_LSST  23.29606  0.13223
61108.04180  r_LSST  23.30338  0.13312
61108.03580  i_LSST  22.80644  0.15933
61108.03540  i_LSST  23.13541  0.21571
61108.03500  i_LSST  23.19778  0.22847
61108.03460  i_LSST  23.42262  0.28104
61108.03420  i_LSST  23.47706  0.29549
61108.03370  i_LSST  22.99637  0.18979
61108.03330  i_LSST  23.06451  0.20208
61108.03290  i_LSST  23.00669  0.19160
61108.03250  i_LSST  23.32481  0.25683
61108.03210  i_LSST  23.04316  0.19814
61108.02610  g_LSST  24.43724  0.22649
61108.02570  g_LSST  24.24266  0.18933
61108.02530  g_LSST  24.32493  0.20423
61108.02480  g_LSST  24.44904  0.22896
61108.02440  g_LSST  24.18880  0.18016
61105.15360  z_LSST  22.77891  0.52679
61105.15320  z_LSST  22.80052  0.53738
61105.15280  z_LSST  25.11686  4.53750
61105.15240  z_LSST  22.87110  0.57347
61105.15200  z_LSST  22.98860  0.63902
61105.15150  z_LSST  26.72295  19.91832
61105.15110  z_LSST  25.21257  4.95567
61105.15070  z_LSST  22.80737  0.54078
61105.15030  z_LSST  24.61389  2.85516
61105.14990  z_LSST  23.55826  1.07989
61105.14940  z_LSST  25.06618  4.33057
61105.13880  r_LSST  24.34164  0.85662
61105.13830  r_LSST  23.54257  0.41036
61105.13790  r_LSST  23.80737  0.52370
61105.13750  r_LSST  23.59328  0.42998
61105.13710  r_LSST  23.35495  0.34524
61105.13670  r_LSST  23.46363  0.38158
61105.13630  r_LSST  23.52827  0.40499
61105.13580  r_LSST  24.05236  0.65627
61105.13540  r_LSST  23.84363  0.54148
61105.13500  r_LSST  22.97089  0.24238
61105.12900  i_LSST  24.16821  0.71905
61105.12860  i_LSST  23.30284  0.32405
61105.12820  i_LSST  23.70535  0.46948
61105.12780  i_LSST  24.93712  1.45991
61105.12740  i_LSST  23.88002  0.55142
61105.12700  i_LSST  23.22483  0.30158
61105.12650  i_LSST  23.62593  0.43636
61105.12610  i_LSST  23.33670  0.33432
61105.12570  i_LSST  24.81244  1.30153
61105.12530  i_LSST  23.66890  0.45398
61105.11930  g_LSST  25.68559  2.65281
61105.11810  g_LSST  24.36033  0.78271
61105.11760  g_LSST  25.60143  2.45494
61097.04020  z_LSST  25.08483  1.81931
61094.11640  z_LSST  23.90819  0.95550
61094.11600  z_LSST  23.39211  0.59401
61094.11520  z_LSST  23.45030  0.62672
61094.11470  z_LSST  24.38576  1.48340
61094.11390  z_LSST  23.77016  0.84143
61094.11220  z_LSST  27.77571  33.66969
61094.11180  z_LSST  24.47127  1.60495
61094.11140  z_LSST  24.10877  1.14938
61094.11050  z_LSST  25.22345  3.20872
61094.11010  z_LSST  23.81841  0.87966
61094.10970  z_LSST  24.32654  1.40465
61094.10930  z_LSST  24.28245  1.34876
61094.10800  z_LSST  23.27872  0.53511
61094.10720  z_LSST  25.38011  3.70677
61094.10500  u_LSST  24.34616  0.77065
61094.10390  u_LSST  24.74923  1.11708
61094.10310  u_LSST  24.72157  1.08898
61094.10060  r_LSST  26.18758  2.40669
61094.10010  r_LSST  25.07241  0.86169
61094.09970  r_LSST  26.33451  2.75544
61094.09930  r_LSST  25.84310  1.75237
61094.09890  r_LSST  24.16740  0.37441
61094.09850  r_LSST  25.33945  1.10197
61094.09810  r_LSST  25.22467  0.99142
61094.09760  r_LSST  25.12874  0.90758
61094.09680  r_LSST  24.96358  0.77951
61094.09640  r_LSST  25.10784  0.89027
61094.09590  r_LSST  25.20396  0.97268
61094.09550  r_LSST  24.97992  0.79133
61094.09470  r_LSST  26.22221  2.48469
61094.09430  r_LSST  24.53344  0.52452
61094.09390  r_LSST  25.64927  1.46587
61094.09300  r_LSST  25.89252  1.83398
61094.09080  i_LSST  25.23078  1.08423
61094.09040  i_LSST  25.45343  1.33102
61094.09000  i_LSST  25.73594  1.72658
61094.08960  i_LSST  24.98472  0.86437
61094.08920  i_LSST  26.62107  3.90157
61094.08870  i_LSST  25.81132  1.85072
61094.08830  i_LSST  24.84143  0.75750
61094.08790  i_LSST  25.61113  1.53909
61094.08750  i_LSST  24.97240  0.85461
61094.08660  i_LSST  25.49879  1.38779
61094.08620  i_LSST  24.69327  0.66088
61094.08540  i_LSST  25.08805  0.95067
61094.08370  i_LSST  24.11034  0.38632
61094.08330  i_LSST  25.19351  1.04764
61094.08290  i_LSST  24.53754  0.57257
61094.08070  g_LSST  26.17782  1.18201
61094.08030  g_LSST  26.94620  2.39870
61094.07980  g_LSST  26.47004  1.54707
61094.07940  g_LSST  27.91765  5.86891
61094.07900  g_LSST  27.36405  3.52465
61094.07820  g_LSST  25.72050  0.77570
61094.07730  g_LSST  26.30847  1.33317
61086.17340  z_LSST  26.21505  5.96207
61086.17140  z_LSST  24.87227  1.73096
61086.17090  z_LSST  28.09998  33.83511
61086.17050  z_LSST  24.77507  1.58273
61086.17010  z_LSST  25.85115  4.26420
61086.16930  z_LSST  23.99536  0.77183
61086.16890  z_LSST  25.51275  3.12232
61086.16840  z_LSST  24.17441  0.91021
61086.16760  z_LSST  24.92758  1.82142
61086.16630  z_LSST  24.17919  0.91422
61086.16510  z_LSST  26.08906  5.30884
61086.16470  z_LSST  24.04307  0.80650
61086.16420  z_LSST  23.66760  0.57071
61086.16380  z_LSST  23.52246  0.49930
61086.16210  u_LSST  24.93954  1.12525
61086.16170  u_LSST  25.35645  1.65203
61086.16090  u_LSST  26.18567  3.54571
61086.15980  u_LSST  24.80249  0.99181
61086.15940  u_LSST  24.86098  1.04671
61086.15760  r_LSST  26.50722  2.59680
61086.15720  r_LSST  24.98485  0.63898
61086.15680  r_LSST  25.75458  1.29832
61086.15630  r_LSST  25.68087  1.21311
61086.15550  r_LSST  25.56406  1.08937
61086.15510  r_LSST  28.06796  10.93293
61086.15470  r_LSST  25.59490  1.12076
61086.15380  r_LSST  25.49824  1.02529
61086.15210  r_LSST  26.31509  2.17564
61086.15170  r_LSST  27.21749  4.99514
61086.15050  r_LSST  26.17459  1.91156
61086.15010  r_LSST  24.71854  0.50000
61086.14790  i_LSST  24.63399  0.77859
61086.14660  i_LSST  25.64031  1.96714
61086.14620  i_LSST  24.64052  0.78329
61086.14580  i_LSST  26.39746  3.95090
61086.14450  i_LSST  25.42625  1.61515
61086.14370  i_LSST  25.48812  1.70985
61086.14330  i_LSST  25.35520  1.51284
61086.14280  i_LSST  25.11458  1.21212
61086.14240  i_LSST  25.55478  1.81814
61086.14120  i_LSST  24.50523  0.69152
61086.14080  i_LSST  27.51475  11.05634
61086.14030  i_LSST  28.61333  30.41205
61086.13810  g_LSST  25.23504  0.59229
61086.13690  g_LSST  25.70204  0.91061
61086.13650  g_LSST  27.23331  3.73114
61086.13440  g_LSST  27.64488  5.45093
61079.09260  z_LSST  25.50435  2.02045
61079.09170  z_LSST  24.42663  0.74879
61079.09090  z_LSST  28.91442  46.71706
61079.09050  z_LSST  25.78210  2.60944
61079.09010  z_LSST  25.09921  1.39120
61079.08800  z_LSST  26.64254  5.76398
61079.07230  r_LSST  28.78104  10.95372
61079.07140  r_LSST  27.17475  2.49486
61079.07060  r_LSST  25.76551  0.68132
61079.07020  r_LSST  25.59373  0.58162
61079.06980  r_LSST  27.50694  3.38785
61079.06930  r_LSST  25.59888  0.58438
61079.06850  r_LSST  26.76922  1.71726
61079.06210  i_LSST  25.31949  0.72379
61079.06170  i_LSST  26.35146  1.87239
61079.06090  i_LSST  31.56955  228.89465
61079.06040  i_LSST  25.67851  1.00744
61079.05280  g_LSST  26.12296  0.72858
61079.05200  g_LSST  27.16773  1.90715
61079.05150  g_LSST  26.44878  0.98356
61079.05110  g_LSST  29.19096  12.29349
61074.14490  z_LSST  29.24702  94.54169
61074.14360  z_LSST  24.16913  0.87997
61074.14240  z_LSST  30.67920  353.58607
61074.14200  z_LSST  25.43018  2.81115
61074.14070  z_LSST  23.63527  0.53817
61074.14030  z_LSST  25.10733  2.08807
61074.13990  z_LSST  24.26312  0.95954
61074.13900  z_LSST  25.05072  1.98199
61074.13860  z_LSST  24.47809  1.16963
61074.13820  z_LSST  24.25417  0.95166
61074.13780  z_LSST  24.27167  0.96712
61074.13740  z_LSST  24.05116  0.78936
61074.13690  z_LSST  25.15861  2.18906
61074.13610  z_LSST  24.67830  1.40649
61074.13530  z_LSST  24.90697  1.73621
61074.12460  r_LSST  24.49822  0.77671
61074.12250  r_LSST  25.98329  3.04993
61074.12170  r_LSST  25.10146  1.35382
61074.12130  r_LSST  25.94132  2.93429
61074.12080  r_LSST  24.95043  1.17800
61074.11830  r_LSST  25.21715  1.50604
61074.11710  r_LSST  25.60174  2.14620
61074.11660  r_LSST  25.29655  1.62030
61074.11150  i_LSST  25.31416  1.47275
61074.11110  i_LSST  26.14757  3.17318
61074.10980  i_LSST  25.05704  1.16221
61074.10940  i_LSST  26.16138  3.21378
61074.10820  i_LSST  25.72680  2.15369
61074.10780  i_LSST  24.54679  0.72641
61074.10730  i_LSST  25.63339  1.97616
61074.10470  g_LSST  24.81628  0.80847
61074.10350  g_LSST  25.21639  1.16872
61074.10300  g_LSST  27.45485  9.18526
61074.10260  g_LSST  24.94427  0.90962
61074.10180  g_LSST  24.86192  0.84318
61074.10140  g_LSST  24.27013  0.48888
61058.11880  i_LSST  24.85264  0.50573
61058.11840  i_LSST  25.36533  0.81095
61058.11800  i_LSST  29.01555  23.39279
61058.11590  i_LSST  25.77586  1.18360
61058.11550  i_LSST  28.10878  10.14788
61058.11510  i_LSST  31.43900  218.00226
61058.10870  g_LSST  28.44094  5.85602
61058.10830  g_LSST  26.80426  1.29697
61058.10790  g_LSST  27.21201  1.88813
61054.10250  r_LSST  26.35462  1.15593
61049.11620  z_LSST  25.50416  1.69433
61049.11570  z_LSST  27.72682  13.12382
61049.11530  z_LSST  25.17976  1.25672
61049.11450  z_LSST  29.25268  53.50624
61049.11280  z_LSST  25.42622  1.57696
61049.11240  z_LSST  25.08712  1.15393
61049.09580  r_LSST  25.41698  0.53040
61049.09540  r_LSST  26.18630  1.07730
61049.09490  r_LSST  26.44176  1.36307
61049.09450  r_LSST  25.93387  0.85381
61049.09410  r_LSST  26.45858  1.38435
61049.09290  r_LSST  26.17204  1.06324
61049.08600  i_LSST  25.56855  1.10005
61049.08560  i_LSST  25.26487  0.83165
61049.08520  i_LSST  25.15372  0.75072
61049.08350  i_LSST  26.11040  1.81196
61049.08310  i_LSST  25.70789  1.25068
61049.07670  g_LSST  28.99079  10.98050
61049.07630  g_LSST  26.47472  1.08192
61049.07550  g_LSST  28.46192  6.74645
61049.07510  g_LSST  27.01579  1.78083
61044.15120  z_LSST  25.84059  3.20484
61044.15080  z_LSST  25.09882  1.61845
61044.14950  z_LSST  23.94467  0.55903
61044.14910  z_LSST  24.02053  0.59949
61044.14870  z_LSST  24.69622  1.11702
61044.13130  r_LSST  25.14346  1.39161
61044.13050  r_LSST  24.36481  0.67930
61044.12920  r_LSST  24.67514  0.90405
61044.12110  i_LSST  23.81792  0.73743
61044.12030  i_LSST  23.93509  0.82146
61044.11990  i_LSST  24.51331  1.39920
61044.11950  i_LSST  25.62220  3.88540
61044.06490  g_LSST  25.15503  1.22587
61044.06410  g_LSST  26.73765  5.26614
61041.12660  i_LSST  25.82033  1.47909
61028.14490  z_LSST  27.47767  9.78133
61028.14450  z_LSST  24.74187  0.78718
61028.14320  z_LSST  24.40044  0.57478
61028.14280  z_LSST  24.69682  0.75519
61028.14240  z_LSST  24.84671  0.86699
61028.14150  z_LSST  26.12758  2.82074
61028.14110  z_LSST  26.09919  2.74793
61028.14070  z_LSST  24.31917  0.53333
61028.14030  z_LSST  25.72398  1.94501
61028.13900  z_LSST  25.28284  1.29558
61028.13690  z_LSST  24.71742  0.76966
61028.13650  z_LSST  26.24773  3.15079
61028.13520  z_LSST  24.50011  0.63005
61028.13270  u_LSST  24.99063  0.51684
61028.13190  u_LSST  27.01519  3.33562
61028.13150  u_LSST  25.67593  0.97157
61028.13110  u_LSST  26.98715  3.25058
61028.12850  r_LSST  26.43011  1.38158
61028.12770  r_LSST  31.15982  107.71068
61028.12730  r_LSST  26.83022  1.99720
61028.12560  r_LSST  26.73649  1.83200
61028.12430  r_LSST  26.92916  2.18774
61028.12350  r_LSST  25.96302  0.89855
61028.12310  r_LSST  27.02701  2.39407
61028.12230  r_LSST  25.82533  0.79153
61028.12140  r_LSST  26.16063  1.07792
61028.11920  i_LSST  25.39450  0.85216
61028.11880  i_LSST  25.14757  0.67881
61028.11840  i_LSST  29.29337  30.90783
61028.11800  i_LSST  26.47978  2.31542
61028.11760  i_LSST  28.66759  17.36822
61028.11630  i_LSST  25.92622  1.39062
61028.11590  i_LSST  26.60032  2.58730
61028.11460  i_LSST  25.50677  0.94499
61028.11420  i_LSST  25.66754  1.09581
61028.11380  i_LSST  25.16202  0.68790
61028.11290  i_LSST  26.66805  2.75385
61028.10950  g_LSST  27.15035  2.14455
61028.10910  g_LSST  25.87405  0.66194
61028.10870  g_LSST  27.20447  2.25416
61028.10780  g_LSST  28.20528  5.66638
61028.10740  g_LSST  27.51552  3.00195
61028.10690  g_LSST  26.33750  1.01437
61028.10570  g_LSST  26.91943  1.73368
61023.12500  u_LSST  25.15040  0.86490
61023.12370  u_LSST  25.34196  1.03178
61020.17860  z_LSST  27.57573  13.13326
61020.17820  z_LSST  26.43339  4.58601
61020.17730  z_LSST  26.12320  3.44635
61020.17690  z_LSST  27.10021  8.47548
61020.17650  z_LSST  29.22205  59.82722
61020.15820  r_LSST  26.18197  1.07828
61020.15780  r_LSST  28.87048  12.82742
61020.15700  r_LSST  26.18018  1.07651
61020.15650  r_LSST  25.70798  0.69685
61020.15570  r_LSST  27.09865  2.50845
61020.15530  r_LSST  30.98485  89.92636
61020.14930  i_LSST  26.49467  2.24578
61020.14850  i_LSST  25.89442  1.29202
61020.14810  i_LSST  25.70345  1.08363
61020.14720  i_LSST  25.01675  0.57571
61020.14640  i_LSST  26.69406  2.69852
61020.13920  g_LSST  26.29251  0.79788
61020.13830  g_LSST  27.84585  3.33635
61019.22780  g_LSST  26.47560  1.94447
61019.22730  g_LSST  25.56216  0.83835
61015.22860  z_LSST  24.65890  0.74439
61015.22610  z_LSST  28.97502  39.65027
61015.22570  z_LSST  25.05844  1.07550
61015.20790  r_LSST  26.03892  1.62482
61015.20660  r_LSST  26.11829  1.74804
61015.20580  r_LSST  25.28932  0.81464
61015.20490  r_LSST  25.68730  1.17532
61015.20450  r_LSST  27.17487  4.62580
61015.19810  i_LSST  26.43479  2.95046
61015.19770  i_LSST  25.47341  1.21713
61015.19690  i_LSST  24.92290  0.73305
61015.19650  i_LSST  25.54926  1.30520
61015.19600  i_LSST  26.74154  3.91372
61015.19520  i_LSST  27.18199  5.87179
61015.19480  i_LSST  24.95462  0.75478
61015.18840  g_LSST  26.47328  3.53023
61015.18710  g_LSST  24.83648  0.78178
61010.17090  z_LSST  23.96665  0.77082
60998.23730  z_LSST  25.09293  1.61298
60998.23640  z_LSST  24.37629  0.83363
60998.23520  z_LSST  25.78748  3.05809
60998.23480  z_LSST  27.06063  9.87896
60998.23430  z_LSST  24.98218  1.45656
60998.23390  z_LSST  26.66363  6.85347
60998.23270  z_LSST  25.90634  3.41188
60998.22550  u_LSST  25.18209  0.85505
60998.22470  u_LSST  25.98782  1.79589
60998.22100  r_LSST  27.33068  4.46885
60998.21970  r_LSST  28.86154  18.30366
60998.21930  r_LSST  27.81398  6.97457
60998.21850  r_LSST  26.76606  2.65674
60998.21160  i_LSST  26.45789  3.31771
60998.21080  i_LSST  25.59607  1.50007
60998.20910  i_LSST  25.08812  0.93958
60998.20830  i_LSST  25.05694  0.91298
60998.20790  i_LSST  25.88439  1.95632
60998.20190  g_LSST  26.86209  2.33122
60998.20070  g_LSST  25.59721  0.72716
60998.20020  g_LSST  27.76712  5.36533
60996.26250  g_LSST  26.58007  1.07986
60996.26210  g_LSST  27.34741  2.18929
60996.06480  g_LSST  27.14965  1.82472
60996.04100  r_LSST  26.09476  1.23284
60994.18790  r_LSST  26.04412  1.00262
60993.03900  u_LSST  24.30702  0.57100
60993.03860  u_LSST  25.00129  1.08230
60992.20960  r_LSST  27.26240  3.62446
60991.26100  z_LSST  27.11553  7.52431
60991.26020  z_LSST  23.80444  0.35648
60991.25890  z_LSST  25.07863  1.15268
60991.25850  z_LSST  25.43496  1.60045
60991.24230  r_LSST  26.51764  1.84794
60991.24020  r_LSST  25.29964  0.60185
60991.23940  r_LSST  25.33197  0.62004
60991.23900  r_LSST  26.05501  1.20680
60991.23850  r_LSST  26.18749  1.36342
60991.23090  i_LSST  25.58835  1.12118
60991.23010  i_LSST  24.78290  0.53394
60991.22880  i_LSST  25.41684  0.95735
60991.22280  g_LSST  27.31886  2.37027
60991.22240  g_LSST  28.12574  4.98372
60991.22200  g_LSST  25.42283  0.41342
60990.10540  r_LSST  25.34892  0.73428
60990.08150  g_LSST  27.51190  4.35393
60980.22000  i_LSST  24.76315  0.68324
60980.21950  i_LSST  24.65559  0.61880
60976.29560  z_LSST  25.45024  1.77634
60976.29470  z_LSST  24.61278  0.82137
60976.29430  z_LSST  24.18649  0.55466
60976.29340  z_LSST  25.04182  1.21943
60976.29140  z_LSST  25.60714  2.05250
60976.29090  z_LSST  25.65482  2.14464
60976.29050  z_LSST  25.13664  1.33071
60976.28970  z_LSST  27.56207  12.42387
60976.28930  z_LSST  25.53609  1.92249
60976.28760  z_LSST  26.02956  3.02866
60976.28720  z_LSST  26.14541  3.36971
60976.27480  r_LSST  25.87639  1.00558
60976.27310  r_LSST  25.75718  0.90101
60976.27270  r_LSST  25.79503  0.93298
60976.27230  r_LSST  26.59537  1.94987
60976.27180  r_LSST  25.66439  0.82721
60976.27100  r_LSST  27.11646  3.15097
60976.26970  r_LSST  26.36714  1.58021
60976.26930  r_LSST  27.52089  4.57316
60976.26850  r_LSST  24.69362  0.33830
60976.26810  r_LSST  25.48964  0.70424
60976.26380  i_LSST  27.29364  5.11550
60976.26340  i_LSST  25.33512  0.84233
60976.26300  i_LSST  27.62985  6.97224
60976.26130  i_LSST  25.71813  1.19862
60976.26080  i_LSST  25.29022  0.80820
60976.25880  i_LSST  29.30663  32.66504
60976.25790  i_LSST  26.63805  2.79675
60976.25750  i_LSST  26.41692  2.28139
60976.25570  g_LSST  28.44082  6.24915
60976.25530  g_LSST  26.57659  1.12235
60976.25450  g_LSST  26.85134  1.44554
60976.25360  g_LSST  27.55470  2.76294
60976.25320  g_LSST  26.15947  0.76433
60976.25280  g_LSST  25.65325  0.47951
60976.25230  g_LSST  26.55772  1.10302
60976.25190  g_LSST  27.25927  2.10475
60970.29910  i_LSST  26.51026  2.32878
60969.31770  z_LSST  24.63474  0.70329
60969.31720  z_LSST  26.29945  3.25851
60969.31640  z_LSST  26.01586  2.50947
60969.31600  z_LSST  24.79134  0.81241
60969.31550  z_LSST  25.18615  1.16868
60969.31510  z_LSST  28.92875  36.70610
60969.31300  z_LSST  26.21144  3.00479
60969.31260  z_LSST  25.84454  2.14316
60969.31220  z_LSST  29.00763  39.47219
60969.31180  z_LSST  25.31916  1.32100
60969.30970  z_LSST  24.52166  0.63373
60969.30930  z_LSST  25.18500  1.16745
60969.30890  z_LSST  25.07508  1.05505
60969.30840  z_LSST  28.37704  22.08279
60969.30430  u_LSST  26.11515  1.38520
60969.30010  r_LSST  25.44622  0.49279
60969.29930  r_LSST  31.45079  124.30500
60969.29840  r_LSST  26.48908  1.28766
60969.29670  r_LSST  26.82131  1.74861
60969.29630  r_LSST  27.67835  3.85044
60969.29510  r_LSST  27.51929  3.32573
60969.29460  r_LSST  26.13138  0.92624
60969.29420  r_LSST  27.74132  4.08038
60969.29200  i_LSST  25.04777  0.56472
60969.29120  i_LSST  26.32134  1.82501
60969.28990  i_LSST  28.25802  10.86266
60969.28950  i_LSST  26.41882  1.99645
60969.28910  i_LSST  28.07822  9.20482
60969.28870  i_LSST  26.36571  1.90113
60969.28740  i_LSST  25.38426  0.76990
60969.28700  i_LSST  25.77257  1.10093
60969.28660  i_LSST  27.90480  7.84596
60969.28620  i_LSST  25.69705  1.02694
60969.28530  i_LSST  24.95081  0.51648
60969.28490  i_LSST  25.71719  1.04617
60969.28230  g_LSST  26.17086  0.66797
60969.28150  g_LSST  27.77409  2.92449
60969.28100  g_LSST  26.54344  0.94143
60969.28020  g_LSST  27.46133  2.19253
60964.29540  r_LSST  25.60073  0.69572
60963.24730  u_LSST  29.31435  39.12139
60963.24570  u_LSST  25.21260  0.89478
60963.24450  u_LSST  25.30150  0.97113
60962.37060  i_LSST  26.89826  4.49332
60962.29410  z_LSST  23.89908  0.45872
60962.29290  z_LSST  24.78716  1.03939
60962.29240  z_LSST  25.31362  1.68797
60962.29200  z_LSST  24.51694  0.81039
60962.29080  z_LSST  26.68263  5.95617
60962.29040  z_LSST  25.08512  1.36761
60962.28910  z_LSST  26.66193  5.84367
60962.28490  z_LSST  25.62820  2.25526
60962.28450  z_LSST  25.51939  2.04020
60962.27290  r_LSST  25.25799  0.61584
60962.27120  r_LSST  26.84332  2.65217
60962.27000  r_LSST  26.17501  1.43310
60962.26910  r_LSST  26.31132  1.62480
60962.26400  i_LSST  28.76515  25.07970
60962.26360  i_LSST  24.71634  0.60228
60962.26320  i_LSST  25.49520  1.23408
60962.25860  i_LSST  26.40852  2.86200
60962.25810  i_LSST  26.47894  3.05378
60962.25770  i_LSST  27.94171  11.74750
60962.25690  i_LSST  26.05763  2.07164
60962.25340  g_LSST  26.93663  1.73006
60962.25260  g_LSST  26.31626  0.97705
60962.25220  g_LSST  26.79995  1.52543
60962.25170  g_LSST  26.52610  1.18536
60962.25130  g_LSST  25.92632  0.68224
60962.25050  g_LSST  28.68427  8.65208
60958.27860  r_LSST  25.71395  1.52994
60958.13330  z_LSST  26.60044  11.79875
60958.13290  z_LSST  23.58555  0.73431
60958.13240  z_LSST  27.01825  17.33648
60958.13200  z_LSST  23.09551  0.46759
60957.35650  r_LSST  26.71110  3.53527
60957.35610  r_LSST  26.29912  2.41896
60957.35570  r_LSST  24.62149  0.51591
60957.35520  r_LSST  26.10601  2.02483
60957.35270  r_LSST  26.90202  4.21491
60957.35190  r_LSST  27.01946  4.69640
60957.35150  r_LSST  26.49111  2.88685
60957.35060  r_LSST  25.63886  1.31681
60957.34980  r_LSST  26.24663  2.30481
60957.34940  r_LSST  25.05144  0.76658
60957.34850  r_LSST  26.62838  3.27591
60957.34590  i_LSST  25.29469  1.05392
60957.34550  i_LSST  27.27929  6.55612
60957.34510  i_LSST  29.13972  36.37611
60957.34390  i_LSST  25.07092  0.85763
60957.34340  i_LSST  25.77927  1.64679
60957.34300  i_LSST  27.13342  5.73189
60957.34090  i_LSST  25.26341  1.02398
60957.34050  i_LSST  25.22934  0.99235
60957.34010  i_LSST  26.79067  4.18020
60957.33920  i_LSST  25.12900  0.90475
60957.33880  i_LSST  24.96814  0.78016
60957.33660  g_LSST  25.70784  1.54268
60957.33620  g_LSST  25.52913  1.30855
60957.33450  g_LSST  24.54557  0.52889
60957.33370  g_LSST  28.91234  29.51708
60957.33330  g_LSST  27.10691  5.59629
60957.27120  r_LSST  26.26528  2.34474
60956.29540  r_LSST  24.64400  0.46607
60948.18790  z_LSST  24.25331  1.20602
60948.18700  z_LSST  24.19453  1.14247
60948.18580  z_LSST  23.63363  0.68153
60948.18540  z_LSST  24.36663  1.33869
60948.18490  z_LSST  24.30555  1.26547
60948.18450  z_LSST  24.72767  1.86681
60948.18370  z_LSST  25.57512  4.07456
60948.18330  z_LSST  23.71622  0.73539
60948.16760  r_LSST  25.02400  1.06110
60948.16670  r_LSST  24.19993  0.49674
60948.16630  r_LSST  27.36497  9.16522
60948.15780  i_LSST  25.30609  1.62918
60948.15700  i_LSST  25.47728  1.90743
60948.15660  i_LSST  24.76515  0.98991
60948.15620  i_LSST  24.34885  0.67464
60948.15530  i_LSST  24.79395  1.01652
60948.15410  i_LSST  25.65100  2.23839
60948.14770  g_LSST  27.96295  14.60328
60948.14680  g_LSST  28.60269  26.32368
60940.38360  z_LSST  24.46618  0.62230
60940.38280  z_LSST  23.91825  0.37569
60940.38190  z_LSST  24.52489  0.65688
60940.38150  z_LSST  24.26301  0.51610
60940.38030  z_LSST  24.80640  0.85131
60940.37270  u_LSST  26.46214  1.95752
60940.37190  u_LSST  27.17611  3.77829
60940.36730  r_LSST  27.01216  2.15389
60940.36690  r_LSST  27.36884  2.99154
60940.36650  r_LSST  27.32585  2.87541
60940.36610  r_LSST  26.04454  0.88343
60940.36560  r_LSST  30.40637  49.08037
60940.36520  r_LSST  26.67052  1.57242
60940.36480  r_LSST  28.25140  6.74403
60940.35840  i_LSST  26.71133  2.70842
60940.35800  i_LSST  25.74152  1.10864
60940.35760  i_LSST  26.08476  1.52086
60940.35720  i_LSST  27.59659  6.12099
60940.35630  i_LSST  26.31705  1.88367
60940.35590  i_LSST  25.50301  0.89000
60940.35550  i_LSST  25.31307  0.74716
60940.35510  i_LSST  27.16435  4.11080
60940.34910  g_LSST  27.13565  1.53322
60940.34870  g_LSST  26.11923  0.60123
60940.34780  g_LSST  27.09925  1.48266
60934.18240  u_LSST  23.82171  0.47192
60934.18000  u_LSST  26.84773  7.66076
60933.31010  z_LSST  25.68062  2.28949
60933.30890  z_LSST  24.74289  0.96527
60933.30720  z_LSST  25.88469  2.76291
60933.30590  z_LSST  25.25559  1.54785
60933.29020  r_LSST  24.59248  0.47708
60933.28980  r_LSST  25.88021  1.56199
60933.28810  r_LSST  31.28696  227.18362
60933.28770  r_LSST  26.80522  3.66171
60933.28000  i_LSST  25.34445  1.66307
60933.27960  i_LSST  24.78856  0.99668
60933.27920  i_LSST  25.70292  2.31364
60933.27880  i_LSST  24.80663  1.01341
60933.27710  i_LSST  24.90503  1.10953
60933.27070  g_LSST  27.30500  4.80397
60933.27030  g_LSST  26.73333  2.83746
60933.26950  g_LSST  25.92446  1.34705
60933.26910  g_LSST  26.16095  1.67485
60932.33520  r_LSST  25.45688  1.17306
60930.22120  z_LSST  25.32595  2.59254
60930.22070  z_LSST  25.03937  1.99111
60930.22030  z_LSST  24.82241  1.63046
60930.21820  z_LSST  28.04206  31.63524
60930.21780  z_LSST  25.57352  3.25652
60929.38240  r_LSST  27.35263  5.89166
60929.38200  r_LSST  25.22827  0.83271
60929.38160  r_LSST  25.21551  0.82298
60929.37870  r_LSST  25.80211  1.41263
60929.37230  i_LSST  24.73127  0.67230
60929.37190  i_LSST  25.53870  1.41429
60929.37140  i_LSST  25.93459  2.03655
60929.37060  i_LSST  25.34807  1.18654
60929.37020  i_LSST  25.81325  1.82120
60929.36940  i_LSST  25.77605  1.75986
60929.36300  g_LSST  26.39628  2.78483
60929.36170  g_LSST  24.84827  0.66926
60929.36130  g_LSST  25.78987  1.59307
60919.24320  z_LSST  23.78891  0.88440
60919.24280  z_LSST  25.88873  6.11751
60919.24240  z_LSST  25.95223  6.48593
60919.24110  z_LSST  24.70177  2.05017
60919.24030  z_LSST  23.16866  0.49951
60919.23910  z_LSST  24.09569  1.17316
60919.22330  r_LSST  25.84938  2.49412
60919.22290  r_LSST  25.90797  2.63240
60919.22210  r_LSST  28.88384  40.80358
60919.22130  r_LSST  26.48004  4.45842
60919.21960  r_LSST  24.64834  0.82509
60918.40540  i_LSST  24.68247  0.61742
60918.40500  i_LSST  26.29157  2.71779
60918.40460  i_LSST  25.62998  1.47769
60918.40380  i_LSST  24.98401  0.81506
60918.40340  i_LSST  25.45450  1.25716
60918.39610  g_LSST  27.52125  3.07065
60918.39480  g_LSST  27.37117  2.67423
60912.24350  z_LSST  25.68554  4.05838
60912.24270  z_LSST  27.05679  14.35006
60912.24140  z_LSST  23.77655  0.69945
60912.24060  z_LSST  23.82171  0.72916
60912.23930  z_LSST  24.39676  1.23835
60912.23810  z_LSST  24.83348  1.85153
60912.23760  z_LSST  25.25204  2.72240
60912.23640  z_LSST  23.84866  0.74748
60912.23560  z_LSST  26.66308  9.98547
60912.23510  z_LSST  24.19613  1.02942
60912.23100  u_LSST  25.61376  2.55339
60912.23060  u_LSST  27.12915  10.31037
60912.23020  u_LSST  24.28407  0.75031
60912.22990  u_LSST  24.52591  0.93751
60912.22770  r_LSST  26.07860  2.28836
60912.22720  r_LSST  25.13955  0.96362
60912.22600  r_LSST  28.80015  28.06362
60912.22560  r_LSST  25.19857  1.01745
60912.22520  r_LSST  24.48706  0.52834
60912.22470  r_LSST  26.35165  2.94268
60912.22390  r_LSST  26.83798  4.60549
60912.22180  r_LSST  25.11031  0.93801
60912.22140  r_LSST  26.16058  2.46785
60912.22050  r_LSST  25.64136  1.52978
60912.22010  r_LSST  26.46754  3.27416
60912.21830  i_LSST  25.31377  2.10909
60912.21790  i_LSST  25.17041  1.84823
60912.21750  i_LSST  28.93431  59.19877
60912.21540  i_LSST  24.39413  0.90416
60912.21500  i_LSST  26.21967  4.85798
60912.21460  i_LSST  25.11660  1.75886
60912.21410  i_LSST  28.36427  35.01841
60912.21330  i_LSST  25.90992  3.65223
60912.21250  i_LSST  24.88314  1.41855
60912.21160  i_LSST  26.68402  7.45069
60912.21080  i_LSST  23.84300  0.54424
60911.40760  g_LSST  27.21504  2.07125
60911.40670  g_LSST  26.47080  1.04361
60905.24740  u_LSST  25.18235  1.81513
60905.24710  u_LSST  26.46832  5.93330
60905.24630  u_LSST  30.89148  348.78633
60905.24550  u_LSST  26.30872  5.12222
60904.29630  z_LSST  24.78868  1.40470
60904.29590  z_LSST  24.32879  0.91966
60904.29500  z_LSST  24.35300  0.94040
60904.29380  z_LSST  26.56709  7.22689
60904.29250  z_LSST  27.57879  18.34972
60904.27640  r_LSST  26.36309  2.87042
60904.27600  r_LSST  25.11488  0.90921
60904.27470  r_LSST  24.84298  0.70779
60904.27350  r_LSST  26.25926  2.60863
60904.26710  i_LSST  27.30642  9.98380
60904.26670  i_LSST  26.29259  3.92433
60904.26620  i_LSST  26.61872  5.29929
60904.26500  i_LSST  25.64979  2.17093
60904.26460  i_LSST  24.68180  0.89012
60904.26420  i_LSST  24.37167  0.66896
60904.25650  g_LSST  27.06712  3.90396
60900.40820  z_LSST  28.90262  56.71466
60900.40780  z_LSST  25.26183  1.98325
60900.40740  z_LSST  25.94660  3.72640
60900.40700  z_LSST  24.70195  1.18421
60900.40650  z_LSST  24.64746  1.12625
60900.40610  z_LSST  25.73997  3.08060
60900.40570  z_LSST  26.08056  4.21574
60900.40530  z_LSST  24.65571  1.13484
60900.40490  z_LSST  24.71960  1.20361
60900.40450  z_LSST  24.45483  0.94315
60900.40400  z_LSST  24.16727  0.72370
60900.40360  z_LSST  24.79686  1.29239
60900.40280  z_LSST  24.29801  0.81630
60900.40190  z_LSST  28.57525  41.95138
60900.40150  z_LSST  25.33141  2.11451
60900.40110  z_LSST  24.96102  1.50333
60900.40070  z_LSST  26.27819  5.05737
60900.39940  z_LSST  24.66018  1.13951
60900.39900  z_LSST  29.65939  113.86845
60900.38830  r_LSST  26.16193  2.77927
60900.38790  r_LSST  26.59513  4.14201
60900.38750  r_LSST  24.45831  0.57874
60900.38660  r_LSST  27.26588  7.68270
60900.38620  r_LSST  27.62106  10.65578
60900.38580  r_LSST  25.04275  0.99143
60900.38500  r_LSST  26.03065  2.46276
60900.33620  r_LSST  26.01364  2.42446
60900.33450  r_LSST  25.27177  1.22424
60900.33410  r_LSST  28.12264  16.91279
60900.33330  r_LSST  24.66390  0.69939
60900.33290  r_LSST  26.44324  3.60127
60900.33030  i_LSST  24.47963  0.74616
60900.32980  i_LSST  25.01550  1.22230
60900.32900  i_LSST  27.08612  8.23051
60900.32820  i_LSST  25.55263  2.00461
60900.32780  i_LSST  26.08205  3.26436
60900.32480  i_LSST  24.85703  1.05630
60900.32440  i_LSST  29.05318  50.37883
60900.32050  g_LSST  26.40927  4.19159
60900.32010  g_LSST  25.93493  2.70795
60900.31970  g_LSST  25.33810  1.56282
60900.31930  g_LSST  24.90072  1.04462
60900.31880  g_LSST  25.17226  1.34145
60900.31840  g_LSST  24.36558  0.63812
60900.31800  g_LSST  25.45420  1.73921
60900.31760  g_LSST  27.66252  13.29463
