# ================================
# SNID: 103330
# RA: 58.84084701538086
# DEC: -61.18434524536133
# ================================
NVAR: 4
VARNAMES: MJD FLT MAG MAGERR
61862.03790  i_LSST  25.69431  1.47087
61825.05030  u_LSST  24.77948  0.77699
61822.10100  i_LSST  25.01592  0.89102
61822.08040  i_LSST  27.86521  12.29149
61821.03610  z_LSST  24.18975  0.59543
61817.13670  r_LSST  26.17607  1.47741
61817.11260  g_LSST  26.79887  1.54951
61815.03740  z_LSST  26.11327  6.05018
61813.03150  z_LSST  25.25169  1.43245
61804.04810  z_LSST  27.28529  13.91790
61801.03510  i_LSST  25.63000  1.05940
61797.08020  r_LSST  25.74555  0.87495
61797.05780  u_LSST  25.67697  1.10388
61796.19640  u_LSST  25.78885  2.16844
61796.17360  r_LSST  26.79791  6.65426
61793.11330  u_LSST  27.46698  5.87876
61792.18590  i_LSST  29.31490  44.08711
61792.18550  i_LSST  25.41082  1.20971
61792.16160  r_LSST  26.23802  1.21191
61792.16120  r_LSST  25.49187  0.60955
61785.14640  i_LSST  24.70276  0.66583
61784.17280  i_LSST  24.75683  0.88161
61768.24930  i_LSST  26.01838  2.41230
61768.22530  r_LSST  25.66635  0.77949
61767.16030  g_LSST  25.35110  0.40094
61766.13940  z_LSST  25.34729  1.54132
61762.14550  i_LSST  25.90590  1.14320
61762.12080  r_LSST  27.85435  4.26864
61756.31060  z_LSST  24.66867  1.61972
61756.18430  i_LSST  25.39016  1.04865
61756.16000  r_LSST  25.17101  0.56118
61748.21650  i_LSST  26.77150  3.41596
61748.19250  r_LSST  25.65363  0.97249
61744.18340  z_LSST  25.15318  1.04251
61743.21210  i_LSST  26.93569  3.48478
61743.18800  r_LSST  25.65602  0.64344
61741.12840  r_LSST  26.54922  1.77780
61734.16520  r_LSST  25.22828  0.46775
61734.14140  u_LSST  25.04149  0.59939
61728.34170  z_LSST  24.70496  1.08512
61728.17520  g_LSST  27.32368  2.21067
61728.17470  g_LSST  28.50016  6.53306
61728.06600  g_LSST  26.64162  1.17950
61728.06550  g_LSST  25.82117  0.55402
61728.04200  r_LSST  28.40060  9.43938
61728.04160  r_LSST  26.67681  1.92942
61724.32430  z_LSST  23.59612  0.55036
61720.05010  z_LSST  27.02470  11.50905
61712.29880  i_LSST  26.44181  2.58879
61712.05390  i_LSST  26.66313  3.17413
61712.02990  z_LSST  24.41383  1.09604
61707.16770  r_LSST  25.90486  0.92876
61705.32080  r_LSST  24.80899  0.34828
61705.29620  i_LSST  25.85292  1.46993
61704.30780  r_LSST  25.77371  0.98165
61704.29170  r_LSST  26.19214  1.44321
61704.28350  g_LSST  25.88777  0.67249
61704.26740  g_LSST  26.19841  0.89525
61703.23850  i_LSST  25.05660  0.55300
61698.25800  r_LSST  26.05629  1.24588
61698.23300  i_LSST  26.00300  1.65491
61696.29500  z_LSST  24.94090  1.72211
61693.31370  z_LSST  25.34788  1.63365
61692.27710  r_LSST  25.70060  1.37907
61691.37700  z_LSST  29.03144  51.34407
61685.33840  z_LSST  25.65420  1.85695
61682.28180  r_LSST  25.63494  0.62837
61674.37390  i_LSST  27.18315  4.65442
61674.36250  r_LSST  25.45736  0.53715
61674.33630  r_LSST  25.58607  0.60475
61674.31170  g_LSST  25.77899  0.50958
61672.33160  r_LSST  25.63713  0.84151
61672.30720  g_LSST  25.87184  0.79384
61666.39490  z_LSST  26.62622  6.09074
61666.32960  r_LSST  25.94370  1.42799
61665.34330  z_LSST  27.24468  10.42213
61665.31910  i_LSST  26.27409  3.02631
61652.38820  r_LSST  25.03671  0.47360
61649.40840  r_LSST  26.26921  1.80227
61495.01860  z_LSST  24.05641  0.84846
61456.13070  z_LSST  22.37601  0.23080
61456.13030  z_LSST  22.17520  0.19183
61447.17430  i_LSST  21.85980  0.06126
61447.14970  r_LSST  21.68080  0.03685
61446.22220  r_LSST  21.61302  0.04014
61446.19410  g_LSST  22.61469  0.05817
61446.04340  z_LSST  21.95202  0.08540
61446.03150  i_LSST  21.65002  0.03687
61438.04410  z_LSST  21.62049  0.05072
61438.03180  i_LSST  21.56280  0.05404
61436.13420  r_LSST  21.37992  0.01955
61436.11010  g_LSST  22.21147  0.03548
61433.06300  z_LSST  21.41517  0.04139
61433.06250  z_LSST  21.41787  0.04149
61432.13510  r_LSST  21.27625  0.02608
61432.11070  g_LSST  22.24298  0.04013
61425.11980  r_LSST  21.08887  0.01773
61425.11940  r_LSST  21.10479  0.01799
61420.04940  r_LSST  20.97357  0.01793
61413.16280  i_LSST  20.56420  0.01183
61400.20830  z_LSST  20.22453  0.01874
61399.18890  z_LSST  20.24923  0.01711
61399.16470  i_LSST  20.00674  0.01000
61387.16820  i_LSST  19.94311  0.00791
61387.14370  r_LSST  19.54299  0.00423
61384.16410  g_LSST  19.61429  0.00176
61379.12810  i_LSST  19.43862  0.00381
61379.10600  r_LSST  19.12141  0.00222
61376.20890  g_LSST  19.13812  0.00114
61374.21310  r_LSST  19.01384  0.00286
61374.21030  r_LSST  19.00974  0.00285
61374.18880  g_LSST  19.06489  0.00206
61374.18600  g_LSST  19.06424  0.00206
61371.24000  i_LSST  19.32418  0.00468
61368.06060  z_LSST  19.65171  0.01145
61364.05770  z_LSST  19.83782  0.01386
61356.12430  r_LSST  20.93072  0.01515
61356.06160  r_LSST  20.94561  0.01536
61356.03760  g_LSST  20.91664  0.01187
61340.12090  i_LSST  24.73965  1.65603
61340.05590  i_LSST  24.68985  1.58178
61340.03190  z_LSST  23.59948  0.96727
61329.22010  g_LSST  25.29541  0.58541
61328.19180  z_LSST  23.49983  0.46523
61316.27060  i_LSST  25.38646  1.10924
61315.32110  r_LSST  25.95047  1.05227
61303.25550  i_LSST  25.66010  1.27599
61303.23030  r_LSST  25.49425  0.94792
61295.37160  z_LSST  24.72728  0.78628
61295.36510  z_LSST  26.58272  4.34264
61294.40090  r_LSST  26.69439  2.57321
61283.34610  i_LSST  28.38295  18.22300
61282.36340  r_LSST  27.50457  6.89326
61281.32520  z_LSST  25.18825  1.46977
61281.30100  i_LSST  25.31033  1.27909
61239.44200  z_LSST  24.56490  1.89069
61238.44320  r_LSST  25.66464  1.56109
61224.44630  z_LSST  23.83749  1.02753
61138.97620  i_LSST  25.25991  2.55820
61089.13960  r_LSST  25.04806  0.63004
61069.05980  z_LSST  24.50016  0.77825
61065.04860  z_LSST  25.10894  1.43429
61032.26100  i_LSST  25.58486  1.54370
61031.13910  i_LSST  25.42374  0.78304
61022.14310  i_LSST  26.58958  2.00300
61021.11720  r_LSST  26.89691  2.00422
61002.16890  r_LSST  25.32261  0.75100
61002.14290  u_LSST  25.32709  1.06838
61000.08620  z_LSST  24.50236  0.79896
61000.04370  i_LSST  26.35176  2.15243
60997.07330  g_LSST  27.22197  2.89209
60994.19110  r_LSST  24.71937  0.41911
60992.25060  i_LSST  30.17422  73.48435
60990.11800  r_LSST  26.72501  2.09483
60981.18630  z_LSST  25.01845  1.40521
60981.16200  i_LSST  26.96579  4.46077
60972.05890  g_LSST  27.40859  3.06529
60972.05800  g_LSST  26.70647  1.60555
60972.03390  r_LSST  29.41640  40.32533
60969.37090  z_LSST  27.75510  21.86256
60956.33250  i_LSST  24.64549  0.78006
60956.30810  r_LSST  25.74015  1.82787
60956.30770  r_LSST  24.72704  0.71895
60939.38590  z_LSST  24.94855  0.86852
60939.37440  i_LSST  25.61865  0.98154
60932.36360  i_LSST  24.82073  1.01255
60925.36020  z_LSST  27.23555  11.77615
