# ================================
# SNID: 103308
# RA: 156.06263732910156
# DEC: -42.95405960083008
# ================================
NVAR: 4
VARNAMES: MJD FLT MAG MAGERR
61561.11930  i_LSST  25.03684  1.74973
61559.02830  u_LSST  27.92874  12.25050
61553.05930  i_LSST  25.82391  1.73229
61553.03520  r_LSST  27.29180  3.00368
61551.05690  r_LSST  25.46687  0.70080
61541.03560  z_LSST  24.89536  1.15580
61540.06270  z_LSST  26.81959  6.50755
61538.96410  z_LSST  24.08209  0.79693
61538.10730  r_LSST  25.43925  1.39548
61529.09580  r_LSST  28.24831  8.79854
61529.07250  u_LSST  26.85012  2.88085
61525.11420  r_LSST  28.98837  19.80825
61518.11840  z_LSST  24.21661  0.62915
61518.09420  i_LSST  25.71219  2.01506
61514.09280  z_LSST  28.72414  43.52421
61511.08810  i_LSST  24.66862  0.47542
61510.11890  i_LSST  26.77864  2.98448
61510.09470  r_LSST  25.43505  0.55743
61508.16810  z_LSST  24.90830  1.01195
61506.11740  z_LSST  28.19565  34.25758
61505.13620  r_LSST  31.42772  151.57951
61505.11190  g_LSST  27.01693  1.87851
61501.19760  z_LSST  24.17379  0.54819
61493.21220  i_LSST  25.74118  1.53567
61493.18780  r_LSST  27.99574  8.63226
61492.20620  r_LSST  25.04302  0.65823
61491.21870  i_LSST  26.41664  2.52282
61491.19470  r_LSST  29.57751  40.00997
61490.25370  z_LSST  25.37696  2.14917
61486.13610  z_LSST  25.05441  1.60626
61482.08140  r_LSST  25.53772  0.95495
61476.06320  g_LSST  26.27034  0.77438
61476.01950  r_LSST  25.65062  1.04542
61472.24830  i_LSST  24.45039  0.55031
61472.05590  i_LSST  25.34579  1.25537
61472.03160  z_LSST  26.67652  10.19012
61468.28310  z_LSST  24.76664  1.11467
61468.28270  z_LSST  23.91824  0.51025
61467.09360  g_LSST  28.64119  7.88783
61460.25450  i_LSST  25.61437  1.38186
61456.17640  i_LSST  23.88000  0.49395
61456.11660  i_LSST  31.15153  400.21385
61456.09290  z_LSST  23.39610  0.57963
61452.30680  i_LSST  26.57479  3.25622
61452.10890  i_LSST  28.91804  28.18461
61446.30060  i_LSST  26.84513  3.46620
61443.34770  r_LSST  25.19097  0.58373
61443.32310  i_LSST  26.52601  2.35320
61440.35710  z_LSST  26.19030  3.20397
61439.13250  r_LSST  25.32483  0.78385
61439.10850  g_LSST  25.54654  0.67907
61438.23660  i_LSST  27.99602  12.17305
61435.33950  r_LSST  26.03609  0.98950
61435.31420  i_LSST  26.57526  2.93976
61427.29750  i_LSST  25.53187  1.63171
61424.25670  i_LSST  25.48463  1.03359
61421.27970  r_LSST  27.01730  1.97927
61420.28520  i_LSST  27.69660  6.37521
61420.25870  r_LSST  26.29467  1.20615
61417.18330  i_LSST  26.15188  2.11272
61416.26790  z_LSST  28.75714  34.56679
61411.27490  r_LSST  25.54114  0.53945
61408.23720  r_LSST  25.16074  0.63660
61407.25540  i_LSST  28.23122  23.57808
61407.23160  z_LSST  24.65053  2.22319
61404.27180  r_LSST  24.92040  0.45313
61404.24780  i_LSST  26.44788  2.56046
61401.34800  z_LSST  27.24293  10.93004
61401.33790  i_LSST  25.12785  0.91066
61399.27250  r_LSST  24.67614  0.60344
61399.24860  i_LSST  27.95857  15.15358
61385.30200  i_LSST  24.91312  0.65222
61385.28090  r_LSST  27.60053  7.37604
61181.09310  i_LSST  24.67105  0.58419
61181.06870  r_LSST  25.73200  1.18887
61175.08410  z_LSST  23.48118  0.47259
61175.05980  i_LSST  24.53735  0.57841
61174.09880  z_LSST  23.28771  0.36926
61174.07450  i_LSST  24.07642  0.38277
61171.10290  z_LSST  24.00810  0.41765
61171.07820  i_LSST  24.02177  0.21750
61156.15260  z_LSST  27.55165  18.63049
61156.15210  z_LSST  23.16437  0.32758
61156.12860  i_LSST  23.57257  0.26352
61156.12820  i_LSST  23.44138  0.23353
61151.98180  z_LSST  23.51998  0.30659
61147.01790  r_LSST  24.21978  0.20052
61146.99200  u_LSST  25.92042  1.39441
61145.12390  g_LSST  25.78149  0.89405
61144.21270  r_LSST  24.09187  0.32518
61137.17140  z_LSST  22.53125  0.12036
61137.14710  i_LSST  22.90000  0.11741
61136.16760  z_LSST  22.68350  0.11994
61136.16720  z_LSST  22.66992  0.11845
61136.14260  i_LSST  22.74398  0.14388
61136.14220  i_LSST  22.76353  0.14650
61128.05080  z_LSST  22.54101  0.15595
61126.15450  z_LSST  22.47095  0.13437
61120.21070  z_LSST  22.48470  0.10413
61120.18600  i_LSST  22.40202  0.05638
61119.19630  i_LSST  22.41544  0.05479
61119.17190  r_LSST  22.88058  0.04834
61118.24510  u_LSST  26.28376  1.75966
61118.22180  r_LSST  22.81577  0.05560
61117.23010  r_LSST  22.80886  0.05269
61115.20430  r_LSST  22.55941  0.03988
61115.20380  r_LSST  22.53522  0.03900
61115.18120  u_LSST  26.14789  1.41719
61115.18080  u_LSST  26.04648  1.29081
61114.05620  r_LSST  22.52759  0.03517
61114.03280  u_LSST  27.35933  5.25862
61113.28650  r_LSST  22.48351  0.03803
61113.24110  r_LSST  22.47464  0.03772
61109.31360  g_LSST  23.07314  0.09549
61109.28970  r_LSST  22.25135  0.04101
61101.28380  z_LSST  22.04108  0.11200
61100.31450  z_LSST  21.96005  0.10371
61100.31400  z_LSST  21.90638  0.09871
61100.29030  i_LSST  21.79170  0.06017
61100.28980  i_LSST  21.77535  0.05927
61100.10830  i_LSST  21.69219  0.05490
61097.29350  r_LSST  21.84834  0.02450
61097.26880  g_LSST  22.30269  0.02456
61096.31740  r_LSST  21.86130  0.02668
61096.29330  g_LSST  22.30401  0.01993
61089.28010  r_LSST  21.91913  0.01815
61089.25540  g_LSST  22.22729  0.01704
61083.34040  r_LSST  22.42133  0.03281
61083.32940  r_LSST  22.45258  0.03376
61083.31630  g_LSST  22.82275  0.03447
61083.30530  g_LSST  22.79600  0.03364
61080.06580  r_LSST  22.84489  0.06616
61079.33320  i_LSST  22.99410  0.15779
61079.30890  r_LSST  22.94857  0.09801
61076.14060  i_LSST  24.36651  0.68162
61076.13840  i_LSST  23.67516  0.36058
61076.12210  i_LSST  23.69541  0.36737
61076.11990  i_LSST  23.45050  0.29319
61076.09780  z_LSST  24.43816  1.65082
61076.09560  z_LSST  26.52132  11.24515
61074.24500  z_LSST  23.26553  0.23341
61072.05830  z_LSST  23.21716  0.59908
61066.27290  i_LSST  25.45337  0.99488
61054.36560  z_LSST  24.47675  0.67356
61050.26250  r_LSST  27.49286  4.70416
61042.33700  z_LSST  26.37168  3.93863
61038.30870  r_LSST  26.52499  1.80287
