# ================================
# SNID: 103707
# RA: 9.746769905090332
# DEC: -42.63856887817383
# ================================
NVAR: 4
VARNAMES: MJD FLT MAG MAGERR
61789.10100  z_LSST  25.25507  2.09047
61789.10060  z_LSST  24.23804  0.81928
61789.09930  z_LSST  26.42303  6.12954
61789.09890  z_LSST  24.18881  0.78296
61789.09850  z_LSST  24.00350  0.66011
61789.09810  z_LSST  23.69581  0.49721
61789.09770  z_LSST  24.07251  0.70343
61789.09720  z_LSST  24.85737  1.44931
61789.09680  z_LSST  25.01812  1.68060
61789.09600  z_LSST  24.26414  0.83921
61789.09560  z_LSST  24.37385  0.92845
61789.09520  z_LSST  24.49449  1.03755
61789.09470  z_LSST  26.57050  7.02127
61789.09430  z_LSST  23.64309  0.47364
61789.09390  z_LSST  24.48015  1.02394
61789.09350  z_LSST  24.49704  1.04000
61789.09310  z_LSST  26.66824  7.68269
61789.09270  z_LSST  25.08336  1.78467
61789.09220  z_LSST  24.47899  1.02284
61789.08080  r_LSST  24.85703  0.41848
61789.08030  r_LSST  25.21439  0.58159
61789.07990  r_LSST  25.81291  1.00931
61789.07950  r_LSST  26.05403  1.26029
61789.07910  r_LSST  25.26243  0.60790
61789.07870  r_LSST  25.44002  0.71592
61789.07740  r_LSST  26.32768  1.62156
61789.07700  r_LSST  26.16473  1.39557
61789.07660  r_LSST  24.94573  0.45410
61789.07620  r_LSST  26.04737  1.25258
61789.07570  r_LSST  24.83951  0.41178
61789.07530  r_LSST  26.17615  1.41032
61789.07490  r_LSST  26.38341  1.70695
61789.07450  r_LSST  25.23164  0.59090
61789.07410  r_LSST  24.89813  0.43462
61789.07370  r_LSST  24.81716  0.40339
61789.07100  i_LSST  26.52067  2.86517
61789.07060  i_LSST  25.10250  0.77604
61789.07020  i_LSST  26.47265  2.74122
61789.06980  i_LSST  24.44796  0.42469
61789.06940  i_LSST  24.74526  0.55845
61789.06850  i_LSST  24.65794  0.51530
61789.06730  i_LSST  26.11565  1.97308
61789.06650  i_LSST  24.19345  0.33594
61789.06600  i_LSST  24.39828  0.40569
61789.06560  i_LSST  26.51865  2.85986
61789.06520  i_LSST  25.46703  1.08567
61789.06440  i_LSST  27.73953  8.80437
61789.06400  i_LSST  24.83715  0.60778
61789.06350  i_LSST  27.26733  5.69924
61789.06310  i_LSST  24.62945  0.50195
61789.06090  g_LSST  25.63664  0.53992
61789.06050  g_LSST  26.29447  0.98961
61789.05970  g_LSST  31.15751  87.23233
61789.05930  g_LSST  30.02755  30.81037
61789.05840  g_LSST  25.85462  0.65997
61789.05800  g_LSST  25.78957  0.62159
61784.13240  z_LSST  24.98878  2.05641
61784.13200  z_LSST  25.55850  3.47532
61784.13120  z_LSST  23.48587  0.51516
61784.13030  z_LSST  26.19415  6.24103
61784.12990  z_LSST  25.48396  3.24475
61784.12950  z_LSST  24.24241  1.03410
61784.12910  z_LSST  23.29528  0.43223
61784.12830  z_LSST  26.18052  6.16321
61784.12780  z_LSST  24.28256  1.07305
61784.12740  z_LSST  24.63475  1.48422
61784.12660  z_LSST  24.70708  1.58646
61784.12620  z_LSST  23.94234  0.78439
61784.12490  z_LSST  24.39876  1.19427
61784.12450  z_LSST  24.47835  1.28510
61784.12410  z_LSST  23.96833  0.80339
61784.12370  z_LSST  25.56686  3.50219
61784.09630  r_LSST  24.17572  0.50782
61784.09590  r_LSST  25.79396  2.25426
61784.09510  r_LSST  25.55686  1.81202
61784.09470  r_LSST  24.90529  0.99434
61784.09380  r_LSST  25.93507  2.56712
61784.09340  r_LSST  23.80225  0.36001
61784.09300  r_LSST  25.52032  1.75205
61784.09260  r_LSST  24.04843  0.45164
61784.09220  r_LSST  24.77389  0.88100
61784.09180  r_LSST  24.42829  0.64082
61784.08930  r_LSST  26.84219  5.91964
61784.07780  i_LSST  25.37924  1.58872
61784.07740  i_LSST  25.33908  1.53104
61784.07700  i_LSST  25.47311  1.73219
61784.07660  i_LSST  24.92993  1.05033
61784.07620  i_LSST  23.88544  0.40135
61784.07530  i_LSST  24.19400  0.53327
61784.07490  i_LSST  24.77414  0.90993
61784.07450  i_LSST  24.51623  0.71753
61784.07370  i_LSST  24.22690  0.54968
61784.07240  i_LSST  25.83195  2.41063
61784.07200  i_LSST  25.84437  2.43837
61784.07160  i_LSST  26.65985  5.16764
61784.07120  i_LSST  25.20178  1.34916
61784.07030  i_LSST  26.16123  3.26470
61784.06990  i_LSST  24.91525  1.03622
61784.06340  g_LSST  25.18713  0.73513
61784.06180  g_LSST  25.82654  1.32472
61784.05970  g_LSST  24.61316  0.43329
61767.09990  z_LSST  24.53337  0.89980
61767.09950  z_LSST  23.84349  0.47664
61767.09910  z_LSST  23.21952  0.26829
61767.09870  z_LSST  23.98268  0.54184
61767.09830  z_LSST  24.94830  1.31860
61767.09780  z_LSST  24.07197  0.58828
61767.09740  z_LSST  23.51039  0.35071
61767.09700  z_LSST  23.98210  0.54155
61767.09660  z_LSST  25.01027  1.39606
61767.09620  z_LSST  27.75286  17.45589
61767.09580  z_LSST  23.77069  0.44573
61767.09530  z_LSST  24.22294  0.67604
61767.09490  z_LSST  24.63797  0.99079
61767.09450  z_LSST  24.40787  0.80158
61767.09410  z_LSST  26.41079  5.07121
61767.09330  z_LSST  24.22588  0.67787
61767.09280  z_LSST  24.51510  0.88478
61767.09240  z_LSST  24.28953  0.71880
61767.09160  z_LSST  24.24323  0.68879
61767.09120  z_LSST  25.14724  1.58377
61767.09080  z_LSST  24.43124  0.81902
61767.09030  z_LSST  24.68976  1.03920
61767.08820  u_LSST  25.46637  1.34191
61767.08780  u_LSST  25.46846  1.34450
61767.08710  u_LSST  25.47036  1.34685
61767.08670  u_LSST  26.64386  3.96935
61767.08630  u_LSST  26.74266  4.34752
61767.08590  u_LSST  27.20376  6.64783
61767.08370  r_LSST  27.66714  5.35904
61767.08330  r_LSST  27.53120  4.72836
61767.08290  r_LSST  24.56295  0.30719
61767.08250  r_LSST  25.91426  1.06644
61767.08210  r_LSST  25.76087  0.92593
61767.08160  r_LSST  24.84105  0.39687
61767.08080  r_LSST  25.23870  0.57241
61767.08040  r_LSST  25.44905  0.69479
61767.08000  r_LSST  24.82710  0.39180
61767.07950  r_LSST  25.85533  1.01009
61767.07910  r_LSST  26.92325  2.70104
61767.07870  r_LSST  25.73830  0.90688
61767.07830  r_LSST  26.46783  1.77566
61767.07790  r_LSST  25.74231  0.91024
61767.07750  r_LSST  24.91468  0.42472
61767.07700  r_LSST  25.84082  0.99668
61767.07660  r_LSST  27.37413  4.09150
61767.07620  r_LSST  25.31436  0.61372
61767.07440  i_LSST  25.01768  0.65028
61767.07400  i_LSST  24.70880  0.48927
61767.07360  i_LSST  24.20633  0.30801
61767.07320  i_LSST  25.16712  0.74624
61767.07280  i_LSST  29.26360  32.46900
61767.07230  i_LSST  24.56995  0.43054
61767.07190  i_LSST  24.68740  0.47972
61767.07150  i_LSST  25.63097  1.14398
61767.07110  i_LSST  25.00938  0.64533
61767.07070  i_LSST  25.70985  1.23018
61767.07030  i_LSST  25.22124  0.78438
61767.06980  i_LSST  24.39349  0.36595
61767.06940  i_LSST  26.88984  3.64726
61767.06900  i_LSST  24.96619  0.62016
61767.06860  i_LSST  24.33356  0.34630
61767.06820  i_LSST  24.34509  0.35000
61767.06780  i_LSST  24.79869  0.53150
61767.06730  i_LSST  24.74703  0.50681
61767.06690  i_LSST  24.60508  0.44470
61767.06650  i_LSST  26.25916  2.04030
61767.06470  g_LSST  26.11732  0.71594
61767.06430  g_LSST  25.67415  0.47601
61767.06390  g_LSST  26.35102  0.88789
61767.06350  g_LSST  26.54435  1.06094
61767.06310  g_LSST  27.09019  1.75398
61767.06260  g_LSST  26.47058  0.99125
61767.06220  g_LSST  26.68451  1.20713
61767.06180  g_LSST  30.07253  27.35043
61767.06140  g_LSST  28.28009  5.24790
61761.16340  z_LSST  24.83447  1.48387
61761.16260  z_LSST  24.17943  0.81167
61761.16210  z_LSST  27.49649  17.22675
61761.16170  z_LSST  24.82302  1.46830
61761.16130  z_LSST  23.86571  0.60798
61761.16090  z_LSST  25.58224  2.95464
61761.16050  z_LSST  23.67204  0.50866
61761.16010  z_LSST  24.76408  1.39072
61761.15960  z_LSST  25.27474  2.22589
61761.15920  z_LSST  23.15256  0.31523
61761.15880  z_LSST  24.95532  1.65857
61761.15800  z_LSST  23.87725  0.61448
61761.15760  z_LSST  24.93869  1.63336
61761.15710  z_LSST  25.05093  1.81125
61761.15670  z_LSST  30.95350  415.91793
61761.15630  z_LSST  24.39284  0.98797
61761.15590  z_LSST  23.46474  0.42024
61761.15550  z_LSST  24.19959  0.82688
61761.15510  z_LSST  23.79806  0.57126
61761.15460  z_LSST  25.05583  1.81945
61761.15420  z_LSST  24.45917  1.05020
61761.15380  z_LSST  25.04012  1.79331
61761.15170  u_LSST  28.09605  19.51237
61761.15090  u_LSST  27.05046  7.44860
61761.15050  u_LSST  26.25925  3.59409
61761.15020  u_LSST  25.08075  1.21392
61761.14980  u_LSST  24.09817  0.49109
61761.14760  r_LSST  24.99889  0.63212
61761.14720  r_LSST  25.45567  0.96274
61761.14680  r_LSST  25.18925  0.75326
61761.14640  r_LSST  26.63613  2.85557
61761.14590  r_LSST  25.12900  0.71260
61761.14550  r_LSST  24.23524  0.31285
61761.14510  r_LSST  25.38535  0.90236
61761.14470  r_LSST  24.66928  0.46661
61761.14430  r_LSST  24.91849  0.58700
61761.14260  r_LSST  25.21627  0.77223
61761.14220  r_LSST  25.35335  0.87616
61761.14180  r_LSST  25.72196  1.23034
61761.14140  r_LSST  25.27588  0.81582
61761.14090  r_LSST  26.15315  1.83022
61761.14010  r_LSST  25.55515  1.05512
61761.13970  r_LSST  24.46512  0.38663
61761.13790  i_LSST  24.42496  0.55345
61761.13750  i_LSST  24.35261  0.51777
61761.13710  i_LSST  25.89259  2.13860
61761.13670  i_LSST  25.35925  1.30857
61761.13580  i_LSST  25.26905  1.20424
61761.13540  i_LSST  32.88514  1340.15020
61761.13500  i_LSST  24.78803  0.77323
61761.13460  i_LSST  25.88473  2.12319
61761.13420  i_LSST  25.68504  1.76649
61761.13370  i_LSST  24.73368  0.73548
61761.13330  i_LSST  25.69001  1.77460
61761.13290  i_LSST  24.91812  0.87166
61761.13250  i_LSST  24.23061  0.46274
61761.13170  i_LSST  26.29352  3.09388
61761.13120  i_LSST  27.57300  10.05300
61761.13080  i_LSST  24.59387  0.64661
61761.13000  i_LSST  24.63388  0.67089
61760.20240  g_LSST  26.02553  1.44312
61760.20200  g_LSST  25.65351  1.02446
61760.20160  g_LSST  28.33512  12.10984
61760.20080  g_LSST  24.60315  0.38936
61760.19950  g_LSST  26.35621  1.95692
61746.06970  z_LSST  23.37585  0.33461
61746.06930  z_LSST  23.70065  0.45129
61746.06890  z_LSST  26.38926  5.36905
61746.06850  z_LSST  23.93774  0.56143
61746.06810  z_LSST  25.55253  2.48433
61746.06760  z_LSST  24.54916  0.98596
61746.06720  z_LSST  23.83857  0.51242
61746.06680  z_LSST  24.98387  1.47144
61746.06640  z_LSST  25.40394  2.16655
61746.06600  z_LSST  24.94192  1.41567
61746.06560  z_LSST  23.69627  0.44947
61746.06510  z_LSST  24.96143  1.44134
61746.06470  z_LSST  24.23615  0.73901
61746.06430  z_LSST  24.13085  0.67071
61746.06390  z_LSST  23.63742  0.42576
61746.06350  z_LSST  24.41133  0.86842
61746.06300  z_LSST  24.88748  1.34644
61746.06260  z_LSST  27.41275  13.78145
61746.06220  z_LSST  23.59449  0.40925
61746.06180  z_LSST  23.89004  0.53729
61746.06140  z_LSST  26.76143  7.56424
61746.06100  z_LSST  24.44527  0.89599
61746.06050  z_LSST  26.10382  4.12783
61746.06010  z_LSST  24.41740  0.87328
61745.24620  r_LSST  25.01659  0.80963
61745.24570  r_LSST  25.00411  0.80038
61745.24530  r_LSST  25.37852  1.12996
61745.24490  r_LSST  26.49723  3.16625
61745.24450  r_LSST  25.16220  0.92584
61745.24370  r_LSST  26.76470  4.05071
61745.24320  r_LSST  25.55402  1.32819
61745.24240  r_LSST  25.56110  1.33688
61745.24200  r_LSST  25.79634  1.66032
61745.24160  r_LSST  25.10348  0.87709
61745.24120  r_LSST  24.83276  0.68353
61745.24070  r_LSST  25.56303  1.33926
61745.24030  r_LSST  25.64950  1.45028
61745.23990  r_LSST  25.18273  0.94351
61745.23950  r_LSST  25.10603  0.87916
61745.22710  i_LSST  24.33014  0.63381
61745.22620  i_LSST  24.60880  0.81926
61745.22580  i_LSST  24.21761  0.57141
61745.22540  i_LSST  23.91508  0.43245
61745.22500  i_LSST  24.81136  0.98729
61745.22410  i_LSST  24.54724  0.77410
61745.22370  i_LSST  24.87554  1.04741
61745.22330  i_LSST  23.66569  0.34370
61745.22250  i_LSST  24.60276  0.81471
61745.22210  i_LSST  24.85069  1.02371
61745.22080  i_LSST  23.71042  0.35815
61745.22040  i_LSST  25.78694  2.42481
61745.22000  i_LSST  24.24940  0.58838
61745.21960  i_LSST  25.23214  1.45465
61745.21250  g_LSST  25.84961  0.97160
61745.21210  g_LSST  25.40715  0.64640
61745.21170  g_LSST  25.75876  0.89361
61745.21130  g_LSST  26.53043  1.81893
61745.21090  g_LSST  25.86318  0.98382
61745.21000  g_LSST  26.46331  1.70988
61745.20920  g_LSST  26.11981  1.24614
61745.20880  g_LSST  25.51688  0.71515
61738.08710  z_LSST  25.46596  1.49395
61738.08670  z_LSST  24.52838  0.62995
61738.08620  z_LSST  24.75318  0.77486
61738.08580  z_LSST  25.15891  1.12594
61738.08540  z_LSST  24.67681  0.72223
61738.08500  z_LSST  24.38620  0.55263
61738.08460  z_LSST  25.80017  2.03245
61738.08420  z_LSST  23.82198  0.32866
61738.08370  z_LSST  24.93956  0.91997
61738.08330  z_LSST  26.94665  5.84268
61738.08290  z_LSST  24.86554  0.85935
61738.08250  z_LSST  24.37112  0.54501
61738.08210  z_LSST  24.00576  0.38928
61738.08160  z_LSST  23.73572  0.30356
61738.08120  z_LSST  24.92488  0.90762
61738.08080  z_LSST  24.24518  0.48531
61738.08040  z_LSST  24.73255  0.76028
61738.08000  z_LSST  24.79999  0.80900
61738.07960  z_LSST  27.99998  15.41507
61738.07910  z_LSST  24.19673  0.46413
61738.07870  z_LSST  23.92876  0.36262
61738.07830  z_LSST  23.75044  0.30770
61738.07790  z_LSST  24.66151  0.71212
61738.07740  z_LSST  25.40777  1.41598
61738.07570  u_LSST  28.72614  12.16930
61738.07490  u_LSST  24.81473  0.33167
61738.07450  u_LSST  26.40153  1.43027
61738.07340  u_LSST  27.79328  5.15371
61738.07120  r_LSST  25.45861  0.40668
61738.07080  r_LSST  25.81546  0.56492
61738.07040  r_LSST  25.44430  0.40135
61738.07000  r_LSST  25.64063  0.48090
61738.06960  r_LSST  25.60645  0.46600
61738.06920  r_LSST  25.74576  0.52980
61738.06870  r_LSST  25.08914  0.28938
61738.06830  r_LSST  25.19554  0.31917
61738.06790  r_LSST  24.70172  0.20253
61738.06750  r_LSST  24.93377  0.25079
61738.06700  r_LSST  25.72295  0.51878
61738.06660  r_LSST  25.70582  0.51066
61738.06620  r_LSST  25.24377  0.33367
61738.06580  r_LSST  25.07318  0.28515
61738.06540  r_LSST  25.14122  0.30359
61738.06500  r_LSST  24.84836  0.23182
61738.06450  r_LSST  25.94783  0.63817
61738.06410  r_LSST  24.86951  0.23638
61738.06370  r_LSST  25.27954  0.34484
61738.06330  r_LSST  26.38419  0.95385
61738.06150  i_LSST  24.10106  0.19649
61738.06110  i_LSST  24.14968  0.20548
61738.06070  i_LSST  24.51585  0.28790
61738.06030  i_LSST  24.23253  0.22178
61738.05980  i_LSST  24.42528  0.26486
61738.05940  i_LSST  24.34736  0.24652
61738.05900  i_LSST  24.17275  0.20990
61738.05860  i_LSST  24.34962  0.24703
61738.05820  i_LSST  24.26534  0.22858
61738.05780  i_LSST  24.13269  0.20229
61738.05730  i_LSST  24.45936  0.27331
61738.05690  i_LSST  24.45976  0.27341
61738.05650  i_LSST  24.06469  0.19001
61738.05610  i_LSST  24.10507  0.19721
61738.05560  i_LSST  24.14985  0.20552
61738.05520  i_LSST  24.48768  0.28053
61738.05480  i_LSST  24.14410  0.20443
61738.05440  i_LSST  24.13156  0.20208
61738.05400  i_LSST  24.27153  0.22989
61738.05360  i_LSST  24.11730  0.19945
61738.05140  g_LSST  26.45465  0.73968
61738.05090  g_LSST  27.10741  1.34941
61738.05050  g_LSST  27.93601  2.89456
61738.05010  g_LSST  26.21585  0.59364
61738.04890  g_LSST  26.59522  0.84192
61738.04840  g_LSST  26.98448  1.20496
61738.04800  g_LSST  26.32875  0.65869
61719.15270  z_LSST  23.78035  0.51665
61716.32640  z_LSST  23.33910  0.49956
61716.32600  z_LSST  23.09858  0.40030
61716.32550  z_LSST  23.19752  0.43849
61716.32510  z_LSST  22.66180  0.26771
61716.32470  z_LSST  23.05360  0.38405
61716.32430  z_LSST  23.11098  0.40489
61716.32390  z_LSST  23.13214  0.41286
61716.32350  z_LSST  23.07081  0.39019
61716.32300  z_LSST  22.82807  0.31202
61716.32260  z_LSST  22.83001  0.31257
61716.32220  z_LSST  23.99102  0.91067
61716.32180  z_LSST  23.76159  0.73720
61716.32140  z_LSST  23.22377  0.44922
61716.32100  z_LSST  23.15778  0.42273
61716.32050  z_LSST  23.52380  0.59221
61716.32010  z_LSST  23.20791  0.44271
61716.31970  z_LSST  23.25813  0.46366
61716.31930  z_LSST  22.88098  0.32760
61716.31890  z_LSST  23.57543  0.62105
61716.31850  z_LSST  22.61714  0.25692
61716.31800  z_LSST  24.14076  1.04534
61716.31760  z_LSST  22.84692  0.31748
61716.31720  z_LSST  23.14009  0.41590
61716.31680  z_LSST  22.69354  0.27566
61716.28820  r_LSST  23.60856  0.17834
61716.28770  r_LSST  23.13996  0.11582
61716.28730  r_LSST  23.51449  0.16354
61716.28690  r_LSST  23.08235  0.10984
61716.28650  r_LSST  23.24854  0.12801
61716.28610  r_LSST  23.16862  0.11892
61716.28570  r_LSST  23.22014  0.12470
61716.28520  r_LSST  23.20641  0.12313
61716.28480  r_LSST  23.30991  0.13545
61716.28440  r_LSST  23.20067  0.12249
61716.28400  r_LSST  23.37702  0.14409
61716.28360  r_LSST  23.44150  0.15290
61716.28320  r_LSST  23.23439  0.12635
61716.28270  r_LSST  23.18090  0.12028
61716.28230  r_LSST  23.29333  0.13340
61716.28190  r_LSST  23.35797  0.14158
61716.28150  r_LSST  23.20444  0.12291
61716.28110  r_LSST  23.48948  0.15981
61716.28070  r_LSST  23.24093  0.12711
61716.28020  r_LSST  23.59494  0.17611
61716.26900  i_LSST  22.86324  0.13035
61716.26860  i_LSST  23.23306  0.18324
61716.26820  i_LSST  23.34313  0.20279
61716.26780  i_LSST  23.24054  0.18451
61716.26740  i_LSST  23.02841  0.15176
61716.26690  i_LSST  23.28623  0.19244
61716.26650  i_LSST  23.11643  0.16458
61716.26610  i_LSST  23.52809  0.24046
61716.26570  i_LSST  23.10847  0.16338
61716.26530  i_LSST  23.37285  0.20842
61716.26490  i_LSST  23.12121  0.16530
61716.26440  i_LSST  23.28410  0.19206
61716.26400  i_LSST  23.01502  0.14990
61716.26360  i_LSST  23.13176  0.16692
61716.26320  i_LSST  23.30119  0.19511
61716.26280  i_LSST  23.36439  0.20680
61716.26240  i_LSST  22.99347  0.14696
61716.26190  i_LSST  23.15828  0.17105
61716.26150  i_LSST  23.30712  0.19618
61716.26110  i_LSST  23.02589  0.15141
61716.25400  g_LSST  24.79840  0.26448
61716.25360  g_LSST  24.25948  0.16100
61716.25320  g_LSST  24.56251  0.21284
61716.25280  g_LSST  24.27020  0.16260
61716.25240  g_LSST  24.65443  0.23164
61716.25200  g_LSST  24.15805  0.14664
61716.25150  g_LSST  24.42595  0.18768
61716.25110  g_LSST  24.43295  0.18889
61716.25070  g_LSST  24.27960  0.16401
61716.25030  g_LSST  24.27816  0.16379
61714.07520  r_LSST  23.13435  0.06420
61714.05060  g_LSST  24.07837  0.13030
61711.10240  r_LSST  23.27550  0.06461
61711.07730  g_LSST  24.07078  0.08201
61709.15250  z_LSST  23.37282  0.20310
61709.15200  z_LSST  23.77731  0.29479
61709.15160  z_LSST  23.41376  0.21090
61709.15120  z_LSST  23.82626  0.30838
61709.15080  z_LSST  23.52942  0.23461
61709.15030  z_LSST  23.36952  0.20248
61709.14990  z_LSST  23.32526  0.19440
61709.14950  z_LSST  23.55334  0.23984
61709.14910  z_LSST  23.36951  0.20248
61709.14870  z_LSST  23.46802  0.22171
61709.14830  z_LSST  22.87598  0.12852
61709.14780  z_LSST  23.35326  0.19947
61709.14740  z_LSST  23.30614  0.19100
61709.14700  z_LSST  23.48226  0.22464
61709.14660  z_LSST  23.34037  0.19712
61709.14620  z_LSST  23.19950  0.17313
61709.14570  z_LSST  23.08558  0.15589
61709.14530  z_LSST  23.09988  0.15796
61709.14490  z_LSST  23.08769  0.15619
61709.14450  z_LSST  23.17494  0.16926
61709.14410  z_LSST  23.41925  0.21197
61709.14370  z_LSST  23.26108  0.18324
61709.14320  z_LSST  23.36126  0.20095
61709.14280  z_LSST  23.15355  0.16596
61709.14100  u_LSST  26.36602  1.69749
61709.13990  u_LSST  28.20718  9.25280
61709.13910  u_LSST  26.15667  1.39981
61709.13870  u_LSST  25.64395  0.87294
61709.13840  u_LSST  25.76517  0.97604
61709.13660  r_LSST  23.05442  0.05480
61709.13620  r_LSST  23.13834  0.05921
61709.13580  r_LSST  23.06730  0.05546
61709.13530  r_LSST  23.08552  0.05640
61709.13490  r_LSST  23.19318  0.06227
61709.13450  r_LSST  23.14086  0.05934
61709.13410  r_LSST  23.17770  0.06139
61709.13370  r_LSST  23.14017  0.05931
61709.13330  r_LSST  23.18605  0.06187
61709.13280  r_LSST  23.04121  0.05414
61709.13240  r_LSST  23.15333  0.06003
61709.13200  r_LSST  23.20511  0.06296
61709.13150  r_LSST  23.08468  0.05635
61709.13110  r_LSST  23.23485  0.06471
61709.13070  r_LSST  23.19730  0.06251
61709.13030  r_LSST  23.16999  0.06096
61709.12990  r_LSST  23.16245  0.06054
61709.12950  r_LSST  23.12863  0.05868
61709.12900  r_LSST  23.22955  0.06440
61709.12860  r_LSST  23.11773  0.05809
61709.12680  i_LSST  23.20639  0.09760
61709.12640  i_LSST  23.07996  0.08687
61709.12600  i_LSST  23.18851  0.09600
61709.12560  i_LSST  23.18419  0.09562
61709.12520  i_LSST  23.24058  0.10072
61709.12480  i_LSST  23.33937  0.11031
61709.12430  i_LSST  23.13527  0.09141
61709.12390  i_LSST  23.20179  0.09718
61709.12350  i_LSST  23.30467  0.10684
61709.12310  i_LSST  23.25810  0.10236
61709.12260  i_LSST  23.38236  0.11477
61709.12220  i_LSST  23.18218  0.09544
61709.12180  i_LSST  23.31674  0.10804
61709.12140  i_LSST  23.24750  0.10136
61709.12100  i_LSST  23.34229  0.11061
61709.12060  i_LSST  23.40093  0.11675
61709.12010  i_LSST  23.29617  0.10601
61709.11970  i_LSST  23.41295  0.11805
61709.11930  i_LSST  23.13198  0.09113
61709.11890  i_LSST  23.43320  0.12027
61709.11710  g_LSST  23.99885  0.08748
61709.11670  g_LSST  24.01466  0.08877
61709.11630  g_LSST  23.84032  0.07560
61709.11590  g_LSST  24.11215  0.09711
61709.11540  g_LSST  23.98371  0.08627
61709.11500  g_LSST  24.19414  0.10472
61709.11460  g_LSST  24.08707  0.09489
61709.11420  g_LSST  24.12489  0.09825
61709.11380  g_LSST  24.05806  0.09239
61709.11340  g_LSST  24.05665  0.09227
61708.19500  i_LSST  23.54732  0.18060
61708.17070  r_LSST  23.25874  0.06794
61703.02380  u_LSST  26.11617  2.12227
61703.02340  u_LSST  26.22635  2.34894
61703.02300  u_LSST  25.56011  1.27167
61703.02260  u_LSST  24.78047  0.62018
61703.02220  u_LSST  24.90709  0.69689
61703.02180  u_LSST  26.80849  4.01539
61703.02150  u_LSST  25.25164  0.95716
61703.02110  u_LSST  25.43930  1.13776
61696.25440  i_LSST  23.89854  0.33314
61696.23000  r_LSST  23.60204  0.17866
61679.23740  z_LSST  25.39239  1.23207
61679.23660  z_LSST  27.10603  5.97164
61679.23620  z_LSST  27.00898  5.46100
61679.23570  z_LSST  25.05095  0.89962
61679.23530  z_LSST  25.59097  1.47934
61679.23490  z_LSST  25.06549  0.91175
61679.23450  z_LSST  25.01465  0.87004
61679.23280  z_LSST  25.96740  2.09237
61679.23240  z_LSST  26.33976  2.94839
61679.23160  z_LSST  25.80863  1.80772
61679.23070  z_LSST  26.89244  4.90518
61679.23030  z_LSST  26.63112  3.85591
61679.22950  z_LSST  25.90361  1.97299
61679.22820  z_LSST  24.41434  0.50051
61679.22780  z_LSST  25.20445  1.03623
61679.22600  u_LSST  25.44366  0.70290
61679.22490  u_LSST  25.57647  0.79436
61679.22410  u_LSST  24.95695  0.44896
61679.22160  r_LSST  26.55895  1.65266
61679.22030  r_LSST  25.91902  0.91666
61679.21910  r_LSST  29.06198  16.57271
61679.21820  r_LSST  26.43697  1.47703
61679.21780  r_LSST  25.86062  0.86866
61679.21700  r_LSST  28.23671  7.74969
61679.21650  r_LSST  25.31581  0.52593
61679.21570  r_LSST  27.73635  4.88813
61679.21530  r_LSST  26.62967  1.76389
61679.21490  r_LSST  25.05348  0.41304
61679.21400  r_LSST  27.54562  4.10061
61679.21360  r_LSST  26.69886  1.87995
61679.21140  i_LSST  26.68448  2.49505
61679.21100  i_LSST  26.77787  2.71918
61679.20890  i_LSST  25.92860  1.24374
61679.20850  i_LSST  25.33798  0.72191
61679.20760  i_LSST  27.16184  3.87279
61679.20550  i_LSST  25.52844  0.86033
61679.20510  i_LSST  25.42554  0.78253
61679.20470  i_LSST  25.53178  0.86298
61679.20430  i_LSST  31.08216  143.26941
61679.20390  i_LSST  26.06460  1.40970
61679.20170  g_LSST  25.85399  0.55145
61679.20130  g_LSST  26.62301  1.11972
61679.20000  g_LSST  26.63778  1.13506
61679.19960  g_LSST  26.93739  1.49577
61679.19920  g_LSST  27.57190  2.68329
61679.19830  g_LSST  27.13882  1.80067
61673.00560  u_LSST  24.52796  0.77552
61672.25390  z_LSST  25.84833  1.72478
61672.25350  z_LSST  25.82258  1.68435
61672.25310  z_LSST  25.98225  1.95119
61672.25260  z_LSST  26.57130  3.35678
61672.24970  z_LSST  26.15566  2.28910
61672.24930  z_LSST  25.94037  1.87738
61672.24850  z_LSST  24.59250  0.54250
61672.24800  z_LSST  24.98287  0.77723
61672.24680  z_LSST  24.61512  0.55392
61672.24600  z_LSST  30.19062  94.11288
61672.24550  z_LSST  24.88142  0.70790
61672.24470  z_LSST  25.93240  1.86363
61672.24430  z_LSST  24.97276  0.77002
61672.23270  r_LSST  26.22972  1.18272
61672.23230  r_LSST  29.19569  18.16649
61672.23190  r_LSST  28.90134  13.85249
61672.23150  r_LSST  27.43290  3.58224
61672.23110  r_LSST  26.14198  1.09090
61672.23020  r_LSST  27.50621  3.83245
61672.22900  r_LSST  25.83209  0.82003
61672.22810  r_LSST  25.90541  0.87732
61672.22770  r_LSST  26.87197  2.13689
61672.22560  r_LSST  29.65628  27.76545
61672.22380  i_LSST  26.32870  1.86653
61672.22300  i_LSST  25.39635  0.79085
61672.22180  i_LSST  25.85295  1.20430
61672.22130  i_LSST  26.70644  2.64321
61672.22090  i_LSST  24.40832  0.31833
61672.22010  i_LSST  26.83734  2.98190
61672.21960  i_LSST  27.12071  3.87116
61672.21920  i_LSST  25.85607  1.20777
61672.21880  i_LSST  25.47904  0.85344
61672.21840  i_LSST  25.73704  1.08236
61672.21750  i_LSST  27.32101  4.65545
61672.21710  i_LSST  25.26030  0.69771
61672.21280  g_LSST  25.39945  0.33485
61672.21240  g_LSST  30.59747  40.18453
61672.21200  g_LSST  29.07464  9.88387
61672.21160  g_LSST  26.75566  1.16771
61672.21080  g_LSST  26.46001  0.88936
61672.21030  g_LSST  26.46850  0.89634
61656.32090  z_LSST  25.47343  1.77748
61650.30920  z_LSST  28.04679  19.05076
61650.30580  z_LSST  24.69341  0.86808
61650.30540  z_LSST  24.97301  1.12305
61650.30500  z_LSST  25.56995  1.94615
61650.30460  z_LSST  25.99580  2.88082
61650.30370  z_LSST  24.53095  0.74744
61650.30290  z_LSST  26.42994  4.29706
61650.30250  z_LSST  24.29593  0.60196
61650.30120  z_LSST  25.02475  1.17786
61650.30080  z_LSST  24.88008  1.03093
61650.29590  u_LSST  25.23133  0.66242
61650.29370  r_LSST  27.61109  3.54340
61650.29330  r_LSST  26.44391  1.20934
61650.29290  r_LSST  29.14192  14.51276
61650.29250  r_LSST  27.36987  2.83747
61650.29170  r_LSST  27.53225  3.29521
61650.29120  r_LSST  27.53537  3.30470
61650.29080  r_LSST  27.35169  2.79037
61650.29000  r_LSST  27.64484  3.65527
61650.28870  r_LSST  29.61658  22.47070
61650.28830  r_LSST  26.73314  1.57848
61650.28700  r_LSST  28.19736  6.08034
61650.28620  r_LSST  26.79910  1.67735
61650.28580  r_LSST  26.27266  1.03287
61650.28400  i_LSST  26.83534  2.63963
61650.28360  i_LSST  27.05506  3.23173
61650.28320  i_LSST  26.09682  1.33702
61650.28190  i_LSST  25.27333  0.62624
61650.28110  i_LSST  28.42041  11.36505
61650.28070  i_LSST  26.81010  2.57898
61650.28030  i_LSST  27.69732  5.83896
61650.27980  i_LSST  27.61939  5.43454
61650.27690  i_LSST  25.69253  0.92134
61650.27600  i_LSST  29.69552  36.78049
61650.27380  g_LSST  26.28007  0.77771
61650.27340  g_LSST  31.66325  110.68532
61650.27300  g_LSST  26.14838  0.68887
61650.27220  g_LSST  25.93516  0.56604
61650.27180  g_LSST  26.77441  1.22617
61650.27130  g_LSST  27.39306  2.16776
61650.27090  g_LSST  27.15350  1.73856
61650.27050  g_LSST  26.44741  0.90730
61644.08280  u_LSST  25.87392  3.79490
61644.08210  u_LSST  26.08804  4.62221
61644.08170  u_LSST  23.92993  0.63329
61644.08130  u_LSST  24.72305  1.31478
61644.08050  u_LSST  24.89411  1.53913
61638.36660  z_LSST  25.06602  1.86519
61638.36620  z_LSST  24.76645  1.41545
61638.36500  z_LSST  24.92207  1.63360
61638.36290  z_LSST  25.58277  3.00209
61638.36250  z_LSST  23.38579  0.39685
61638.36040  z_LSST  24.60900  1.22437
61638.35990  z_LSST  24.63992  1.25975
61638.35910  z_LSST  23.45027  0.42114
61638.35740  z_LSST  24.30126  0.92218
61638.35700  z_LSST  25.13492  1.98739
61638.34510  r_LSST  25.87479  2.64343
61638.34470  r_LSST  24.30973  0.62538
61638.34420  r_LSST  24.33995  0.64303
61638.34380  r_LSST  24.31560  0.62877
61638.34340  r_LSST  24.52529  0.76272
61638.34300  r_LSST  24.91446  1.09153
61638.34260  r_LSST  24.84968  1.02832
61638.34210  r_LSST  25.94523  2.82063
61638.34130  r_LSST  26.68003  5.54965
61638.34090  r_LSST  24.79881  0.98124
61638.34050  r_LSST  24.80838  0.98993
61638.33840  r_LSST  24.69354  0.89057
61638.33490  i_LSST  23.40437  0.28222
61638.33450  i_LSST  24.37665  0.69103
61638.33370  i_LSST  24.54917  0.81003
61638.32950  i_LSST  24.63248  0.87464
61638.32520  g_LSST  25.78681  2.02287
61638.32480  g_LSST  27.97907  15.23606
61638.32400  g_LSST  24.97216  0.95523
61638.32350  g_LSST  26.13873  2.79727
61621.39340  z_LSST  25.83998  2.93701
61621.39170  z_LSST  25.03400  1.39802
61621.39120  z_LSST  25.18645  1.60877
61621.39080  z_LSST  24.62306  0.95750
61621.38960  z_LSST  28.43905  32.17602
61621.38830  z_LSST  25.01645  1.37561
61621.38750  z_LSST  24.40864  0.78591
61621.38660  z_LSST  25.66147  2.49174
61621.38240  u_LSST  25.77890  1.58011
61621.38200  u_LSST  25.02274  0.78745
61621.38160  u_LSST  26.18193  2.29035
61621.38080  u_LSST  25.36638  1.08064
61621.37710  r_LSST  26.41884  1.94454
61621.37660  r_LSST  25.16882  0.61491
61621.37540  r_LSST  27.03355  3.42532
61621.37460  r_LSST  25.14346  0.60071
61621.37240  r_LSST  28.88937  18.92482
61621.37120  r_LSST  25.94991  1.26254
61621.36990  r_LSST  26.19198  1.57788
61621.36820  i_LSST  24.63609  0.53401
61621.36730  i_LSST  25.97365  1.83050
61621.36610  i_LSST  25.06397  0.79196
61621.36520  i_LSST  25.19272  0.89166
61621.36440  i_LSST  25.08258  0.80564
61621.36400  i_LSST  25.85455  1.64033
61621.36350  i_LSST  24.71077  0.57203
61621.36310  i_LSST  26.90305  4.30857
61621.36270  i_LSST  27.39964  6.80719
61621.35800  g_LSST  25.96570  0.71385
61621.35720  g_LSST  26.69940  1.40310
61621.35630  g_LSST  26.36713  1.03319
61621.35590  g_LSST  26.06890  0.78503
61621.35550  g_LSST  25.87539  0.65687
61621.35510  g_LSST  28.38256  6.61231
61621.35470  g_LSST  27.37945  2.62488
61615.16220  u_LSST  23.76528  0.68480
61615.16100  u_LSST  26.96030  12.98890
61615.16070  u_LSST  25.28955  2.78786
61601.22830  z_LSST  23.76273  1.20715
61601.22790  z_LSST  24.05708  1.58308
61601.22750  z_LSST  24.70847  2.88442
61601.22670  z_LSST  25.33298  5.12697
61601.22460  z_LSST  25.50721  6.01942
61601.22370  z_LSST  24.44283  2.25840
61601.22290  z_LSST  23.45179  0.90653
61601.22250  z_LSST  24.99826  3.76680
61601.22170  z_LSST  31.20248  1141.98356
61601.22120  z_LSST  24.61714  2.65171
61601.22080  z_LSST  24.04089  1.55964
61601.22040  z_LSST  24.40500  2.18107
61601.21920  z_LSST  23.78517  1.23236
61601.20770  r_LSST  26.47079  9.75014
61601.20730  r_LSST  25.82108  5.35953
61601.20680  r_LSST  23.27524  0.51379
61601.20640  r_LSST  25.07086  2.68557
61601.20560  r_LSST  23.35485  0.55288
61601.20350  r_LSST  25.66892  4.65866
61601.20310  r_LSST  25.71755  4.87207
61601.20140  r_LSST  24.04628  1.04521
61601.19710  i_LSST  23.55404  0.81766
61601.19630  i_LSST  25.08130  3.33791
61601.19510  i_LSST  25.00607  3.11448
61601.19380  i_LSST  24.56782  2.08011
61601.19260  i_LSST  22.98425  0.48379
61601.19210  i_LSST  23.44286  0.73807
61601.19170  i_LSST  23.91469  1.13981
61601.18870  g_LSST  22.95440  0.60382
61601.18740  g_LSST  22.90005  0.57434
61601.18660  g_LSST  25.04458  4.13983
61601.18540  g_LSST  23.25058  0.79320
61601.18490  g_LSST  23.78512  1.29777
61593.28120  z_LSST  24.26556  1.08469
61593.28000  z_LSST  25.06317  2.26126
61593.27960  z_LSST  25.12909  2.40281
61593.27910  z_LSST  25.22802  2.63202
61593.27790  z_LSST  25.38524  3.04214
61593.27750  z_LSST  25.82720  4.57049
61593.27710  z_LSST  25.16698  2.48813
61593.27660  z_LSST  24.61020  1.48992
61593.27540  z_LSST  23.52019  0.54596
61593.27500  z_LSST  24.34362  1.16554
61593.27330  z_LSST  23.95395  0.81407
61593.27250  z_LSST  24.92823  1.99698
61593.27210  z_LSST  25.31978  2.86413
61593.27160  z_LSST  24.91096  1.96547
61593.26990  u_LSST  24.76087  1.15381
61593.26950  u_LSST  27.74550  18.02971
61593.26840  u_LSST  24.41546  0.83940
61593.26800  u_LSST  24.94276  1.36425
61593.26720  u_LSST  24.82258  1.22129
61593.26460  r_LSST  24.95172  0.81059
61593.26420  r_LSST  24.91118  0.78088
61593.26380  r_LSST  25.58342  1.45038
61593.26250  r_LSST  28.33737  18.32575
61593.26210  r_LSST  24.96299  0.81905
61593.26170  r_LSST  25.93889  2.01220
61593.26040  r_LSST  25.53328  1.38492
61593.25960  r_LSST  26.70416  4.07171
61593.25880  r_LSST  27.76851  10.85214
61593.25790  r_LSST  27.08739  5.79519
61593.25750  r_LSST  25.46620  1.30195
61593.25570  i_LSST  23.96656  0.65757
61593.25530  i_LSST  25.12559  1.91230
61593.25490  i_LSST  25.15321  1.96156
61593.25360  i_LSST  24.38253  0.96456
61593.25280  i_LSST  25.35266  2.35712
61593.25200  i_LSST  24.32261  0.91277
61593.25160  i_LSST  29.76269  136.89697
61593.25110  i_LSST  24.88003  1.52521
61593.25070  i_LSST  26.91491  9.93758
61593.24950  i_LSST  24.87903  1.52381
61593.24860  i_LSST  26.44598  6.45221
61593.24780  i_LSST  24.67881  1.26718
61593.24520  g_LSST  26.29530  2.52420
61593.24480  g_LSST  26.45461  2.92310
61593.24350  g_LSST  25.22066  0.93814
61593.24270  g_LSST  25.60715  1.33925
61593.24230  g_LSST  25.71816  1.48342
61585.29690  z_LSST  25.15304  2.36736
61585.29570  z_LSST  24.72940  1.60254
61585.29530  z_LSST  27.69167  24.53113
61585.29440  z_LSST  23.83038  0.70017
61585.29400  z_LSST  24.39975  1.18290
61585.29360  z_LSST  24.41602  1.20077
61585.29280  z_LSST  24.20619  0.98975
61585.29110  z_LSST  23.22941  0.40255
61585.28940  z_LSST  24.24369  1.02453
61585.28860  z_LSST  24.61007  1.43575
61585.28520  u_LSST  26.96605  8.93638
61585.28480  u_LSST  25.63049  2.61178
61585.28110  r_LSST  24.30586  0.45112
61585.28070  r_LSST  26.47207  3.31727
61585.27990  r_LSST  24.66175  0.62611
61585.27950  r_LSST  24.43643  0.50877
61585.27900  r_LSST  25.04115  0.88799
61585.27860  r_LSST  24.56445  0.57244
61585.27820  r_LSST  25.08409  0.92382
61585.27650  r_LSST  25.31115  1.13871
61585.27450  r_LSST  29.66373  62.72536
61585.27320  r_LSST  25.86214  1.89150
61585.27140  i_LSST  25.97793  3.48845
61585.27100  i_LSST  27.40816  13.02340
61585.27060  i_LSST  26.47312  5.50436
61585.26890  i_LSST  24.50912  0.90180
61585.26850  i_LSST  25.84773  3.09423
61585.26560  i_LSST  25.95234  3.40720
61585.26430  i_LSST  25.74525  2.81554
61581.28040  z_LSST  24.08856  0.90444
61581.28000  z_LSST  27.58593  22.66358
61581.27960  z_LSST  23.82822  0.71161
61581.27790  z_LSST  23.82545  0.70980
61581.27670  z_LSST  24.43364  1.24283
61581.27630  z_LSST  26.28245  6.82242
61581.27580  z_LSST  24.37639  1.17900
61581.27500  z_LSST  24.18726  0.99052
61581.27420  z_LSST  25.90197  4.80560
61581.27330  z_LSST  24.40174  1.20685
61581.27210  z_LSST  23.69572  0.62986
61581.27170  z_LSST  23.84040  0.71965
61581.27080  z_LSST  24.79409  1.73219
61581.26020  r_LSST  25.58153  2.91384
61581.25940  r_LSST  25.70587  3.26740
61581.25850  r_LSST  26.79988  8.94959
61581.25690  r_LSST  23.83201  0.58164
61581.25640  r_LSST  24.44262  1.02070
61581.25600  r_LSST  24.65564  1.24197
61581.25440  r_LSST  25.34270  2.33847
61581.25230  r_LSST  27.69995  20.50373
61581.24970  i_LSST  25.99216  5.15809
61581.24880  i_LSST  24.19008  0.98097
61581.24840  i_LSST  23.58313  0.56089
61581.24760  i_LSST  24.73023  1.61330
61581.24720  i_LSST  25.48396  3.23005
61581.24630  i_LSST  23.79609  0.68244
61581.24590  i_LSST  24.34829  1.13486
61581.24550  i_LSST  24.15532  0.95007
61581.24470  i_LSST  23.81819  0.69647
61581.24300  i_LSST  23.94739  0.78448
61581.24040  g_LSST  26.21220  6.09038
61581.24000  g_LSST  26.03633  5.17961
61581.23950  g_LSST  25.68869  3.76048
61581.23910  g_LSST  24.44288  1.19376
61581.23750  g_LSST  25.93938  4.73716
61581.23700  g_LSST  26.11250  5.55602
61561.43980  z_LSST  24.99263  2.34721
