# ================================
# SNID: 103819
# RA: 122.8778305053711
# DEC: -62.0938606262207
# ================================
NVAR: 4
VARNAMES: MJD FLT MAG MAGERR
61891.14550  z_LSST  22.57751  0.21882
61891.12180  i_LSST  22.31747  0.07260
61889.97510  z_LSST  23.01693  0.25566
61889.96360  i_LSST  22.33735  0.09170
61887.09880  r_LSST  22.95281  0.09421
61887.07630  u_LSST  22.85249  0.10901
61886.09190  i_LSST  22.26164  0.05069
61886.06810  r_LSST  22.80987  0.05979
61879.01820  r_LSST  22.83182  0.05051
61878.99410  i_LSST  22.28735  0.06764
61877.08480  z_LSST  22.75221  0.21754
61877.08390  z_LSST  22.84083  0.23604
61876.07630  r_LSST  22.75880  0.05710
61876.05210  g_LSST  22.58552  0.03837
61875.02620  r_LSST  22.89367  0.06853
61875.02580  r_LSST  22.75009  0.06004
61875.00210  g_LSST  22.59088  0.02899
61875.00170  g_LSST  22.57711  0.02862
61867.16490  z_LSST  22.69382  0.21238
61867.02570  i_LSST  22.17380  0.06266
61867.00160  r_LSST  22.91534  0.09374
61866.02640  z_LSST  22.86276  0.19214
61866.02590  z_LSST  22.98930  0.21589
61864.98280  z_LSST  23.39699  0.55197
61861.99440  z_LSST  23.21525  0.22069
61861.98340  i_LSST  22.22733  0.05710
61859.03610  r_LSST  22.70030  0.05775
61859.01180  g_LSST  22.60847  0.04211
61857.99680  z_LSST  23.39213  0.33125
61857.98580  i_LSST  22.24558  0.08763
61856.20850  z_LSST  22.83326  0.25385
61856.18480  i_LSST  22.27375  0.07376
61855.18930  u_LSST  22.97687  0.14837
61853.16660  r_LSST  22.61893  0.06553
61853.14410  u_LSST  23.45855  0.26676
61850.03590  u_LSST  22.77782  0.08051
61844.12840  i_LSST  22.29649  0.07662
61840.20770  z_LSST  23.01368  0.21244
61840.18370  i_LSST  22.28716  0.08095
61840.10320  i_LSST  22.30630  0.08239
61839.18440  z_LSST  22.72441  0.15491
61839.18350  z_LSST  22.50643  0.12673
61839.16040  i_LSST  22.34951  0.07527
61839.15950  i_LSST  22.40824  0.07946
61837.05260  z_LSST  22.58479  0.15272
61836.08980  z_LSST  23.20205  0.26671
61831.20190  i_LSST  22.24904  0.06492
61831.17780  r_LSST  22.68531  0.04345
61828.11710  u_LSST  22.85438  0.07377
61828.11670  u_LSST  22.93145  0.07920
61828.09460  r_LSST  22.78528  0.04702
61828.09410  r_LSST  22.70439  0.04364
61823.25700  r_LSST  22.67772  0.05841
61823.23300  g_LSST  22.63601  0.02883
61822.11290  z_LSST  22.66537  0.13404
61822.08820  i_LSST  22.12174  0.05693
61815.28260  i_LSST  22.19157  0.06339
61815.28220  i_LSST  22.25791  0.06739
61815.25860  r_LSST  22.76718  0.08917
61815.25820  r_LSST  22.77317  0.08967
61814.25230  i_LSST  22.18423  0.05702
61814.22840  z_LSST  22.67011  0.12563
61813.22230  i_LSST  22.26909  0.07010
61813.19820  r_LSST  22.77104  0.11724
61812.25650  i_LSST  22.33132  0.09634
61800.21100  i_LSST  22.40352  0.07673
61800.18630  r_LSST  22.64546  0.04325
61799.13740  i_LSST  22.30367  0.05594
61799.11240  r_LSST  22.65732  0.04253
61785.35370  z_LSST  22.41738  0.13080
61783.33990  z_LSST  22.83177  0.20774
61783.32860  i_LSST  22.33167  0.10236
61782.18600  z_LSST  22.81262  0.22589
61782.18550  z_LSST  22.77237  0.21767
61779.20440  z_LSST  22.92180  0.16517
61772.20070  r_LSST  22.64983  0.06053
61772.09860  r_LSST  22.75261  0.06654
61772.07480  g_LSST  22.47151  0.04777
61768.16140  i_LSST  22.49566  0.07632
61768.09960  i_LSST  22.50628  0.07707
61768.07520  r_LSST  22.51467  0.05417
61764.29080  r_LSST  22.76754  0.05410
61764.28480  r_LSST  22.74298  0.05289
61764.14110  r_LSST  22.69731  0.05072
61764.13520  r_LSST  22.66611  0.04928
61764.11730  g_LSST  22.72552  0.03834
61764.11140  g_LSST  22.58030  0.03354
61763.33790  z_LSST  22.58926  0.13973
61763.32660  i_LSST  22.45310  0.06646
61756.28510  r_LSST  22.68148  0.07544
61756.13550  r_LSST  22.56218  0.06759
61756.11170  g_LSST  22.70520  0.06893
61755.30420  r_LSST  22.62620  0.07132
61755.27970  i_LSST  22.41227  0.06370
61753.23080  z_LSST  22.72832  0.17513
61752.30810  z_LSST  22.82453  0.22011
61747.30680  z_LSST  23.14355  0.19955
61747.28500  i_LSST  22.52275  0.07096
61746.35240  r_LSST  22.59878  0.06707
61743.29320  i_LSST  22.84698  0.08566
61743.27020  r_LSST  22.49845  0.03597
61740.21880  i_LSST  22.61163  0.06372
61727.32940  z_LSST  22.93019  0.17784
61727.32890  z_LSST  22.76353  0.15254
61544.05040  z_LSST  22.46911  0.27953
61544.02570  i_LSST  22.74195  0.19459
61526.07620  r_LSST  22.39184  0.08765
61526.05370  u_LSST  23.29861  0.21484
61524.97950  z_LSST  22.48533  0.16181
61524.97540  z_LSST  22.40444  0.15019
61524.96850  i_LSST  22.78385  0.12653
61524.96440  i_LSST  22.73054  0.12046
61523.08370  r_LSST  22.35600  0.04439
61523.05970  g_LSST  22.45277  0.04409
61510.98420  z_LSST  22.60846  0.17565
61510.98330  z_LSST  22.64764  0.18211
61510.97270  i_LSST  22.39008  0.12404
61510.97180  i_LSST  22.63144  0.15492
61505.16700  r_LSST  22.38004  0.05414
61501.06040  r_LSST  22.36569  0.03300
61500.99020  z_LSST  22.47152  0.10537
61500.97910  i_LSST  22.63976  0.10663
61499.03150  r_LSST  22.41190  0.03055
61499.00720  g_LSST  22.66214  0.02658
61497.02450  u_LSST  23.29596  0.13629
61494.99500  z_LSST  22.61040  0.15193
61494.98390  i_LSST  22.66235  0.15741
61494.03580  r_LSST  22.39402  0.03259
61494.01160  g_LSST  22.65462  0.05148
61488.22310  r_LSST  22.51557  0.12061
61488.22270  r_LSST  22.32643  0.10133
61482.99550  z_LSST  22.56718  0.32053
61478.99850  z_LSST  22.88618  0.27654
61476.18350  r_LSST  22.37552  0.04169
61476.18310  r_LSST  22.41297  0.04315
61473.21190  z_LSST  21.95541  0.12921
61473.21100  z_LSST  22.16232  0.15634
61473.18780  i_LSST  22.47544  0.10954
61473.18690  i_LSST  22.92689  0.16601
61465.15180  r_LSST  22.43116  0.04485
61460.24060  r_LSST  22.39837  0.06801
61460.24010  r_LSST  22.34593  0.06481
61458.23360  i_LSST  22.39691  0.13035
61456.22310  z_LSST  22.35064  0.16639
61451.16570  z_LSST  22.45214  0.14003
61449.02520  z_LSST  22.70961  0.23334
61447.16290  i_LSST  22.53043  0.07719
61447.13830  r_LSST  22.37700  0.04128
61438.21070  i_LSST  22.60831  0.10566
61438.18690  r_LSST  22.21342  0.04575
61426.24970  z_LSST  22.56676  0.14565
61420.18220  z_LSST  22.45546  0.12759
61416.28450  r_LSST  22.32519  0.05577
61416.09590  r_LSST  22.38166  0.05875
61416.07200  g_LSST  22.64814  0.05563
61413.28910  i_LSST  22.63643  0.09173
61408.26880  i_LSST  22.55237  0.11561
61408.24170  r_LSST  22.32528  0.04760
61404.30590  z_LSST  22.44638  0.10027
61401.30220  r_LSST  22.32260  0.07244
61401.27790  i_LSST  22.41117  0.06857
61400.32920  g_LSST  22.71547  0.09856
61400.08830  g_LSST  22.71939  0.09892
61400.06440  r_LSST  22.32808  0.05386
61399.33590  z_LSST  22.34276  0.10842
61399.32430  i_LSST  22.47866  0.08935
61396.26160  i_LSST  23.04585  0.22381
61396.11560  i_LSST  22.48372  0.13336
61396.09170  z_LSST  22.36479  0.15785
61395.35310  z_LSST  22.46577  0.16309
61395.34120  i_LSST  22.49041  0.05695
61386.33110  i_LSST  22.44483  0.06159
61385.31840  i_LSST  22.43635  0.05736
61384.22280  i_LSST  22.38641  0.05149
61384.19850  r_LSST  22.32830  0.03023
61372.32680  z_LSST  22.34491  0.09056
61175.04190  i_LSST  22.38766  0.08890
61175.04140  i_LSST  22.30475  0.08237
61175.01800  r_LSST  22.73275  0.07607
61175.01760  r_LSST  22.69812  0.07368
61172.10250  z_LSST  22.57975  0.20490
61172.07840  i_LSST  22.43558  0.07019
61163.97590  r_LSST  22.71828  0.06031
61159.08910  i_LSST  22.23024  0.10720
61152.04960  i_LSST  22.44981  0.07741
61152.04820  i_LSST  22.35572  0.07099
61151.15400  i_LSST  22.39226  0.10841
61151.15310  i_LSST  22.44865  0.11419
61151.12970  r_LSST  22.63233  0.11145
61151.12880  r_LSST  22.83167  0.13391
61144.99140  z_LSST  22.83982  0.22139
61144.98030  i_LSST  22.30604  0.05970
61141.98530  z_LSST  22.61616  0.19433
61141.97420  i_LSST  22.23174  0.08513
61128.20370  z_LSST  22.77355  0.26899
61127.22020  z_LSST  22.87125  0.22107
61127.19600  i_LSST  22.47123  0.08224
61126.07590  i_LSST  22.40615  0.05904
61126.07360  r_LSST  22.85187  0.07882
61126.05180  r_LSST  22.86903  0.08007
61124.08800  z_LSST  22.88429  0.16555
61121.10650  r_LSST  22.67691  0.05203
61116.10540  i_LSST  22.26784  0.05517
61113.11940  r_LSST  22.71351  0.04723
61101.22030  i_LSST  22.47604  0.10802
61101.19620  r_LSST  22.95240  0.14302
61100.15550  z_LSST  22.48090  0.11737
61096.16100  z_LSST  22.81769  0.15306
61096.13760  i_LSST  22.48577  0.08768
61087.20610  u_LSST  22.77795  0.12384
61087.18820  r_LSST  22.77111  0.07585
61083.20530  r_LSST  22.81280  0.05332
61083.18690  u_LSST  22.62549  0.05937
61081.12320  r_LSST  22.85426  0.07067
61081.10000  g_LSST  22.68518  0.03796
61076.31810  z_LSST  22.47194  0.23075
61076.29420  i_LSST  22.51389  0.11325
61069.17270  i_LSST  22.36193  0.06500
61069.14780  z_LSST  22.37372  0.10578
61066.36410  z_LSST  22.54620  0.22887
61066.35230  i_LSST  22.45967  0.08756
61064.15460  r_LSST  22.93835  0.06671
61064.09180  r_LSST  22.87625  0.06300
61064.07070  g_LSST  22.72961  0.05133
61062.13260  g_LSST  22.77946  0.02950
61062.13210  g_LSST  22.77724  0.02944
61062.10940  u_LSST  22.57685  0.05326
61062.10900  u_LSST  22.57196  0.05302
61053.24460  r_LSST  22.96203  0.05947
61053.22010  u_LSST  22.52354  0.06936
61052.26510  r_LSST  22.89894  0.06988
61052.24020  g_LSST  22.80354  0.04281
61047.31970  i_LSST  22.29891  0.06223
61047.29560  r_LSST  23.02237  0.09232
61046.33640  z_LSST  22.89815  0.21168
61046.32500  i_LSST  22.38858  0.08508
61032.24140  i_LSST  22.21719  0.06951
61032.09620  i_LSST  22.46847  0.08761
61032.07230  r_LSST  22.90467  0.13175
61028.09240  z_LSST  22.63793  0.25731
61028.07170  i_LSST  22.44465  0.11948
61024.28420  r_LSST  23.18876  0.07910
61024.09630  r_LSST  23.15211  0.07647
61024.07220  g_LSST  22.77876  0.05108
61017.34430  z_LSST  22.78060  0.16847
61016.31250  z_LSST  23.38126  0.46381
61015.26570  i_LSST  22.35179  0.07230
61015.24140  r_LSST  23.12261  0.14481
61001.34640  z_LSST  23.21065  0.28729
