# ================================
# SNID: 104299
# RA: 9.891153335571289
# DEC: -44.8132209777832
# ================================
NVAR: 4
VARNAMES: MJD FLT MAG MAGERR
61789.10100  z_LSST  24.23180  0.81458
61789.10060  z_LSST  25.84950  3.61423
61789.09930  z_LSST  24.44278  0.98930
61789.09890  z_LSST  24.33972  0.89971
61789.09810  z_LSST  26.80247  8.69366
61789.09720  z_LSST  25.15028  1.89813
61789.09600  z_LSST  25.87249  3.69156
61789.09560  z_LSST  24.06290  0.69723
61789.09520  z_LSST  25.06277  1.75115
61789.09430  z_LSST  24.05717  0.69356
61789.09390  z_LSST  24.61643  1.16088
61789.09350  z_LSST  25.14445  1.88797
61789.09270  z_LSST  23.43513  0.39108
61789.09180  z_LSST  26.40474  6.02712
61789.08080  r_LSST  25.42880  0.70856
61789.07990  r_LSST  27.52776  4.89735
61789.07910  r_LSST  25.64259  0.86277
61789.07830  r_LSST  26.70356  2.29237
61789.07780  r_LSST  26.37207  1.68922
61789.07740  r_LSST  27.65056  5.48382
61789.07660  r_LSST  27.03230  3.10299
61789.07620  r_LSST  25.37827  0.67634
61789.07570  r_LSST  27.10501  3.31789
61789.07490  r_LSST  25.85455  1.04876
61789.07410  r_LSST  26.84588  2.61343
61789.07370  r_LSST  26.89822  2.74251
61789.07320  r_LSST  27.77136  6.12918
61789.07020  i_LSST  25.90965  1.63208
61789.06940  i_LSST  26.79261  3.68067
61789.06850  i_LSST  26.23911  2.21068
61789.06810  i_LSST  25.99092  1.75895
61789.06770  i_LSST  25.04302  0.73467
61789.06650  i_LSST  25.28680  0.91961
61789.06560  i_LSST  24.81599  0.59605
61789.06520  i_LSST  25.09648  0.77175
61789.06440  i_LSST  24.98759  0.69811
61789.06400  i_LSST  25.61779  1.24738
61789.06350  i_LSST  26.49121  2.78849
61789.06090  g_LSST  25.99480  0.75092
61789.06050  g_LSST  32.05280  198.97337
61789.06010  g_LSST  26.32780  1.02046
61789.05970  g_LSST  26.25828  0.95716
61789.05930  g_LSST  27.39639  2.73043
61789.05840  g_LSST  28.80154  9.96076
61789.05760  g_LSST  26.67593  1.40620
61784.13330  z_LSST  24.41769  1.21527
61784.13280  z_LSST  24.32928  1.12023
61784.13240  z_LSST  26.66250  9.60722
61784.13200  z_LSST  24.01748  0.84060
61784.13080  z_LSST  23.37710  0.46606
61784.13030  z_LSST  23.93995  0.78267
61784.12990  z_LSST  24.28641  1.07687
61784.12910  z_LSST  24.87372  1.84963
61784.12870  z_LSST  26.27168  6.70301
61784.12830  z_LSST  23.72360  0.64126
61784.12780  z_LSST  24.42299  1.22122
61784.12740  z_LSST  25.74000  4.10767
61784.12700  z_LSST  23.93170  0.77674
61784.12530  z_LSST  23.71162  0.63423
61784.12450  z_LSST  24.94080  1.96750
61784.12410  z_LSST  24.83658  1.78743
61784.12370  z_LSST  23.91579  0.76544
61784.09590  r_LSST  25.32302  1.46093
61784.09550  r_LSST  25.85549  2.38570
61784.09470  r_LSST  25.68417  2.03745
61784.09380  r_LSST  25.24248  1.35647
61784.09340  r_LSST  25.09470  1.18386
61784.09300  r_LSST  24.63896  0.77804
61784.09180  r_LSST  24.29747  0.56808
61784.09090  r_LSST  24.42108  0.63658
61784.08970  r_LSST  26.41898  4.00876
61784.08930  r_LSST  27.50792  10.92914
61784.08880  r_LSST  26.25593  3.44977
61784.08840  r_LSST  25.07549  1.16310
61784.07780  i_LSST  24.63030  0.79703
61784.07740  i_LSST  24.03916  0.46240
61784.07660  i_LSST  24.58603  0.76518
61784.07620  i_LSST  24.17679  0.52489
61784.07570  i_LSST  24.14569  0.51007
61784.07490  i_LSST  25.16220  1.30086
61784.07450  i_LSST  25.46655  1.72175
61784.07410  i_LSST  24.31832  0.59797
61784.07280  i_LSST  24.28659  0.58075
61784.07160  i_LSST  26.09844  3.08126
61784.07030  i_LSST  25.23167  1.38682
61784.06340  g_LSST  26.42862  2.30651
61784.06300  g_LSST  25.01208  0.62567
61784.06180  g_LSST  25.44365  0.93104
61784.06140  g_LSST  25.64408  1.11980
61784.06050  g_LSST  24.75504  0.49377
61784.06010  g_LSST  25.67725  1.15454
61784.05970  g_LSST  25.72973  1.21172
61774.10950  z_LSST  24.25846  0.78279
61774.10910  z_LSST  25.49889  2.45366
61774.10870  z_LSST  25.19799  1.85975
61774.10830  z_LSST  24.75689  1.23884
61774.10780  z_LSST  24.78293  1.26891
61774.10700  z_LSST  24.64099  1.11341
61774.10660  z_LSST  28.07672  26.36016
61774.10620  z_LSST  27.32454  13.18486
61774.10530  z_LSST  24.66091  1.13403
61774.10490  z_LSST  23.60310  0.42805
61774.10450  z_LSST  24.87603  1.38252
61774.10410  z_LSST  24.15843  0.71389
61774.10370  z_LSST  25.57131  2.62291
61774.10280  z_LSST  23.86459  0.54462
61774.10240  z_LSST  23.77485  0.50142
61774.10200  z_LSST  23.69087  0.46409
61774.10160  z_LSST  23.93284  0.57996
61774.10120  z_LSST  25.06661  1.64779
61774.10080  z_LSST  25.58908  2.66618
61774.10030  z_LSST  25.03268  1.59710
61774.09990  z_LSST  23.79101  0.50894
61774.08880  r_LSST  26.68823  3.19910
61774.08840  r_LSST  25.97891  1.66456
61774.08760  r_LSST  26.70658  3.25364
61774.08680  r_LSST  25.10265  0.74267
61774.08550  r_LSST  25.04745  0.70586
61774.08510  r_LSST  25.28162  0.87576
61774.08430  r_LSST  28.44237  16.09480
61774.08340  r_LSST  25.91206  1.56516
61774.08300  r_LSST  25.21175  0.82118
61774.08180  r_LSST  27.77598  8.71225
61774.07960  i_LSST  24.29252  0.48805
61774.07910  i_LSST  25.18720  1.11259
61774.07870  i_LSST  26.18267  2.78309
61774.07790  i_LSST  24.49018  0.58550
61774.07750  i_LSST  26.16397  2.73554
61774.07660  i_LSST  26.50968  3.76123
61774.07620  i_LSST  24.87144  0.83183
61774.07580  i_LSST  24.12447  0.41807
61774.07540  i_LSST  25.26858  1.19919
61774.07460  i_LSST  27.71163  11.37910
61774.07410  i_LSST  24.49119  0.58605
61774.07370  i_LSST  25.43415  1.39674
61774.07330  i_LSST  24.88353  0.84114
61774.07290  i_LSST  23.61152  0.26065
61774.07250  i_LSST  24.55641  0.62233
61774.07160  i_LSST  24.13215  0.42104
61774.06990  g_LSST  25.20635  0.73239
61774.06940  g_LSST  26.22945  1.87924
61774.06860  g_LSST  25.74264  1.20022
61774.06820  g_LSST  25.62307  1.07506
61774.06780  g_LSST  25.61062  1.06280
61774.06690  g_LSST  25.01622  0.61474
61774.06650  g_LSST  26.40352  2.20604
61774.06610  g_LSST  25.01602  0.61463
61767.09990  z_LSST  24.28987  0.71903
61767.09950  z_LSST  24.48742  0.86251
61767.09910  z_LSST  24.19517  0.65897
61767.09870  z_LSST  24.84161  1.19520
61767.09780  z_LSST  24.10096  0.60420
61767.09740  z_LSST  23.87831  0.49217
61767.09700  z_LSST  24.36839  0.77295
61767.09660  z_LSST  24.14728  0.63053
61767.09620  z_LSST  23.64304  0.39629
61767.09580  z_LSST  24.35662  0.76462
61767.09530  z_LSST  24.03518  0.56868
61767.09490  z_LSST  23.80816  0.46138
61767.09450  z_LSST  24.06588  0.58499
61767.09410  z_LSST  24.47525  0.85289
61767.09330  z_LSST  24.30818  0.73126
61767.09280  z_LSST  25.76494  2.79751
61767.09240  z_LSST  24.24646  0.69084
61767.09200  z_LSST  23.89254  0.49867
61767.09160  z_LSST  23.64078  0.39547
61767.09120  z_LSST  24.07993  0.59261
61767.09080  z_LSST  23.68937  0.41356
61767.09030  z_LSST  24.38854  0.78743
61767.08710  u_LSST  25.77085  1.77631
61767.08630  u_LSST  24.94355  0.82908
61767.08410  r_LSST  26.90199  2.64867
61767.08370  r_LSST  27.45675  4.41498
61767.08330  r_LSST  26.37889  1.63601
61767.08250  r_LSST  24.88970  0.41506
61767.08210  r_LSST  25.64915  0.83539
61767.08160  r_LSST  25.34568  0.63168
61767.08120  r_LSST  25.79489  0.95540
61767.08080  r_LSST  24.65212  0.33349
61767.08040  r_LSST  24.78034  0.37529
61767.08000  r_LSST  25.72873  0.89892
61767.07910  r_LSST  25.03830  0.47594
61767.07870  r_LSST  26.69580  2.19053
61767.07830  r_LSST  25.90229  1.05474
61767.07790  r_LSST  26.07809  1.24013
61767.07750  r_LSST  25.35703  0.63832
61767.07700  r_LSST  25.00794  0.46281
61767.07660  r_LSST  25.07315  0.49146
61767.07620  r_LSST  25.78910  0.95032
61767.07440  i_LSST  24.55327  0.42397
61767.07400  i_LSST  25.29570  0.84006
61767.07360  i_LSST  24.31265  0.33970
61767.07320  i_LSST  25.28046  0.82835
61767.07280  i_LSST  24.87727  0.57139
61767.07230  i_LSST  24.02454  0.26052
61767.07190  i_LSST  26.28061  2.08101
61767.07150  i_LSST  24.64387  0.46087
61767.07110  i_LSST  24.17376  0.29890
61767.07070  i_LSST  24.80834  0.53625
61767.07030  i_LSST  24.98283  0.62974
61767.06980  i_LSST  24.22255  0.31264
61767.06940  i_LSST  24.49986  0.40362
61767.06900  i_LSST  24.63042  0.45519
61767.06860  i_LSST  24.65625  0.46616
61767.06820  i_LSST  25.57625  1.08775
61767.06780  i_LSST  25.15997  0.74134
61767.06730  i_LSST  25.94269  1.52442
61767.06690  i_LSST  24.18197  0.30117
61767.06650  i_LSST  24.03095  0.26207
61767.06470  g_LSST  32.28863  210.57188
61767.06350  g_LSST  25.58418  0.43815
61767.06310  g_LSST  26.39380  0.92357
61767.06260  g_LSST  26.32446  0.86643
61767.06220  g_LSST  26.32149  0.86407
61767.06180  g_LSST  26.64899  1.16827
61767.06140  g_LSST  27.18976  1.92244
61767.06100  g_LSST  26.03424  0.66320
61761.16300  z_LSST  23.51319  0.43942
61761.16260  z_LSST  23.78008  0.56188
61761.16210  z_LSST  26.02042  4.42358
61761.16170  z_LSST  23.65596  0.50118
61761.16130  z_LSST  23.04594  0.28575
61761.16090  z_LSST  23.83999  0.59375
61761.16050  z_LSST  23.43281  0.40807
61761.16010  z_LSST  25.18500  2.04931
61761.15960  z_LSST  23.45997  0.41840
61761.15920  z_LSST  24.37344  0.97048
61761.15880  z_LSST  23.48153  0.42679
61761.15840  z_LSST  23.99818  0.68688
61761.15800  z_LSST  23.79512  0.56971
61761.15760  z_LSST  23.80016  0.57236
61761.15710  z_LSST  23.60823  0.47962
61761.15670  z_LSST  24.99891  1.72651
61761.15630  z_LSST  23.55381  0.45618
61761.15590  z_LSST  23.44583  0.41299
61761.15550  z_LSST  24.27653  0.88761
61761.15510  z_LSST  23.84933  0.59888
61761.15420  z_LSST  24.41343  1.00688
61761.15380  z_LSST  24.42201  1.01487
61761.15130  u_LSST  24.19772  0.53824
61761.15020  u_LSST  26.06400  3.00256
61761.14940  u_LSST  25.11674  1.25483
61761.14760  r_LSST  24.98805  0.62584
61761.14720  r_LSST  25.25175  0.79789
61761.14680  r_LSST  25.36914  0.88899
61761.14640  r_LSST  26.87005  3.54210
61761.14590  r_LSST  24.39300  0.36178
61761.14550  r_LSST  25.36948  0.88927
61761.14510  r_LSST  25.06974  0.67474
61761.14470  r_LSST  25.33693  0.86300
61761.14430  r_LSST  25.54645  1.04670
61761.14390  r_LSST  26.68225  2.97949
61761.14340  r_LSST  25.89334  1.44072
61761.14300  r_LSST  24.39000  0.36078
61761.14260  r_LSST  25.20948  0.76743
61761.14220  r_LSST  25.58690  1.08644
61761.14180  r_LSST  24.96667  0.61364
61761.14140  r_LSST  24.58608  0.43219
61761.14090  r_LSST  25.30871  0.84086
61761.14050  r_LSST  25.05731  0.66706
61761.14010  r_LSST  26.12549  1.78418
61761.13790  i_LSST  25.81815  1.99689
61761.13750  i_LSST  23.75912  0.29974
61761.13710  i_LSST  24.18019  0.44175
61761.13670  i_LSST  24.51138  0.59930
61761.13620  i_LSST  24.67164  0.69463
61761.13580  i_LSST  25.33739  1.28249
61761.13540  i_LSST  24.43734  0.55980
61761.13500  i_LSST  24.25352  0.47261
61761.13460  i_LSST  23.97135  0.36445
61761.13420  i_LSST  23.82193  0.31759
61761.13370  i_LSST  23.80502  0.31268
61761.13330  i_LSST  23.89867  0.34085
61761.13290  i_LSST  23.90224  0.34197
61761.13250  i_LSST  26.00129  2.36381
61761.13210  i_LSST  24.22988  0.46243
61761.13170  i_LSST  26.62155  4.18520
61761.13120  i_LSST  23.99778  0.37343
61761.13080  i_LSST  23.73710  0.29372
61761.13040  i_LSST  26.16908  2.75885
61761.13000  i_LSST  23.62699  0.26539
61760.20290  g_LSST  27.47868  5.50252
61760.20240  g_LSST  27.82270  7.55386
61760.20200  g_LSST  25.48165  0.87448
61760.20160  g_LSST  25.35476  0.77802
61760.20080  g_LSST  27.29466  4.64466
61760.19950  g_LSST  25.93357  1.32592
61754.17720  z_LSST  23.71980  0.54864
61754.17680  z_LSST  23.94896  0.67756
61754.17640  z_LSST  23.25969  0.35912
61754.17590  z_LSST  23.30554  0.37461
61754.17550  z_LSST  23.11448  0.31416
61754.17510  z_LSST  23.73052  0.55408
61754.17470  z_LSST  24.91033  1.64247
61754.17430  z_LSST  22.94986  0.26997
61754.17390  z_LSST  23.01809  0.28748
61754.17340  z_LSST  23.36136  0.39438
61754.17300  z_LSST  23.22633  0.34826
61754.17260  z_LSST  24.68546  1.33521
61754.17220  z_LSST  24.57493  1.20597
61754.17180  z_LSST  23.62318  0.50193
61754.17140  z_LSST  23.54951  0.46899
61754.17090  z_LSST  24.38494  1.01238
61754.17050  z_LSST  23.72785  0.55272
61754.17010  z_LSST  24.60998  1.24554
61754.16970  z_LSST  23.74572  0.56190
61754.16930  z_LSST  24.23622  0.88278
61754.16890  z_LSST  23.14474  0.32304
61754.16840  z_LSST  25.04282  1.85563
61754.16800  z_LSST  25.60688  3.11975
61754.16760  z_LSST  25.82907  3.82819
61754.10970  r_LSST  24.79563  0.62229
61754.10930  r_LSST  24.76854  0.60695
61754.10890  r_LSST  25.18004  0.88666
61754.10850  r_LSST  24.43079  0.44469
61754.10810  r_LSST  24.44418  0.45021
61754.10760  r_LSST  26.26923  2.41786
61754.10720  r_LSST  24.98669  0.74202
61754.10680  r_LSST  25.15258  0.86451
61754.10640  r_LSST  24.75298  0.59832
61754.10560  r_LSST  28.45357  18.07875
61754.10470  r_LSST  24.28475  0.38872
61754.10430  r_LSST  25.71235  1.44770
61754.10390  r_LSST  26.56402  3.17210
61754.10310  r_LSST  24.44892  0.45218
61754.10260  r_LSST  24.79810  0.62370
61754.10180  r_LSST  25.98000  1.85242
61754.09090  i_LSST  24.21840  0.40038
61754.09050  i_LSST  24.12946  0.36889
61754.09010  i_LSST  23.83182  0.28044
61754.08970  i_LSST  23.64495  0.23610
61754.08920  i_LSST  23.94234  0.31049
61754.08880  i_LSST  23.62716  0.23226
61754.08840  i_LSST  23.79613  0.27137
61754.08800  i_LSST  24.33039  0.44388
61754.08760  i_LSST  24.50834  0.52294
61754.08720  i_LSST  23.86131  0.28816
61754.08670  i_LSST  23.47355  0.20162
61754.08630  i_LSST  23.72296  0.25369
61754.08590  i_LSST  23.99745  0.32666
61754.08550  i_LSST  23.69149  0.24644
61754.08510  i_LSST  23.83157  0.28038
61754.08460  i_LSST  24.05799  0.34539
61754.08420  i_LSST  24.10190  0.35964
61754.08380  i_LSST  23.74263  0.25832
61754.08340  i_LSST  24.10223  0.35975
61754.08300  i_LSST  23.90368  0.29963
61754.07000  g_LSST  25.84753  1.17133
61754.06960  g_LSST  26.34493  1.85198
61754.06920  g_LSST  29.18443  25.31850
61754.06830  g_LSST  28.67200  15.79301
61754.06710  g_LSST  25.26879  0.68736
61746.06970  z_LSST  24.07976  0.63988
61746.06930  z_LSST  24.19356  0.71059
61746.06890  z_LSST  23.09820  0.25910
61746.06850  z_LSST  23.73779  0.46699
61746.06810  z_LSST  24.09956  0.65166
61746.06760  z_LSST  23.74456  0.46991
61746.06720  z_LSST  23.91819  0.55141
61746.06680  z_LSST  25.55659  2.49363
61746.06640  z_LSST  23.41350  0.34641
61746.06600  z_LSST  23.46593  0.36355
61746.06560  z_LSST  23.61580  0.41736
61746.06510  z_LSST  23.11579  0.26334
61746.06470  z_LSST  23.26143  0.30114
61746.06430  z_LSST  23.65428  0.43242
61746.06390  z_LSST  23.16577  0.27574
61746.06350  z_LSST  23.99298  0.59073
61746.06300  z_LSST  23.82929  0.50806
61746.06260  z_LSST  23.34046  0.32388
61746.06220  z_LSST  23.84703  0.51642
61746.06180  z_LSST  23.66262  0.43576
61746.06140  z_LSST  23.42060  0.34869
61746.06100  z_LSST  23.61929  0.41871
61746.06050  z_LSST  23.41120  0.34568
61746.06010  z_LSST  23.87145  0.52817
61745.24660  r_LSST  25.24503  0.99923
61745.24620  r_LSST  26.62057  3.54717
61745.24570  r_LSST  24.77494  0.64808
61745.24530  r_LSST  27.51443  8.08025
61745.24490  r_LSST  24.70226  0.60612
61745.24450  r_LSST  24.69067  0.59968
61745.24410  r_LSST  26.11652  2.22977
61745.24370  r_LSST  24.68676  0.59753
61745.24320  r_LSST  24.40870  0.46252
61745.24280  r_LSST  26.20954  2.42923
61745.24240  r_LSST  27.15828  5.82056
61745.24200  r_LSST  24.40302  0.46011
61745.24160  r_LSST  25.46320  1.22162
61745.24120  r_LSST  24.42189  0.46818
61745.24070  r_LSST  24.87836  0.71285
61745.24030  r_LSST  24.15443  0.36595
61745.23990  r_LSST  24.08213  0.34238
61745.23950  r_LSST  24.87264  0.70910
61745.23910  r_LSST  24.41148  0.46371
61745.23870  r_LSST  24.92368  0.74324
61745.22750  i_LSST  24.09901  0.51228
61745.22710  i_LSST  25.25641  1.48752
61745.22660  i_LSST  24.60547  0.81675
61745.22620  i_LSST  23.72256  0.36218
61745.22580  i_LSST  23.41292  0.27231
61745.22540  i_LSST  24.41249  0.68375
61745.22500  i_LSST  23.54250  0.30683
61745.22460  i_LSST  26.11403  3.27728
61745.22410  i_LSST  23.57004  0.31471
61745.22370  i_LSST  23.47013  0.28705
61745.22330  i_LSST  23.81046  0.39272
61745.22290  i_LSST  24.01418  0.47378
61745.22250  i_LSST  23.61974  0.32946
61745.22210  i_LSST  23.97435  0.45671
61745.22160  i_LSST  23.56640  0.31366
61745.22120  i_LSST  24.00927  0.47164
61745.22080  i_LSST  25.04013  1.21886
61745.22040  i_LSST  23.37563  0.26312
61745.22000  i_LSST  24.28959  0.61057
61745.21960  i_LSST  23.81311  0.39368
61745.21250  g_LSST  26.18272  1.32047
61745.21210  g_LSST  26.57460  1.89445
61745.21130  g_LSST  26.60443  1.94721
61745.21050  g_LSST  29.32649  23.89114
61745.20960  g_LSST  25.65397  0.81139
61745.20920  g_LSST  26.11915  1.24539
61745.20880  g_LSST  26.44446  1.68045
61738.08710  z_LSST  24.69760  0.73619
61738.08670  z_LSST  24.23936  0.48272
61738.08620  z_LSST  23.95322  0.37088
61738.08580  z_LSST  23.99986  0.38716
61738.08540  z_LSST  24.48896  0.60748
61738.08500  z_LSST  24.07020  0.41308
61738.08460  z_LSST  24.11419  0.43016
61738.08420  z_LSST  25.07575  1.04292
61738.08370  z_LSST  24.66341  0.71337
61738.08330  z_LSST  24.96022  0.93765
61738.08290  z_LSST  23.88684  0.34889
61738.08250  z_LSST  24.40412  0.56182
61738.08210  z_LSST  24.17195  0.45366
61738.08160  z_LSST  23.51232  0.24710
61738.08120  z_LSST  24.62268  0.68711
61738.08080  z_LSST  23.84883  0.33689
61738.08040  z_LSST  24.12797  0.43565
61738.08000  z_LSST  23.96337  0.37437
61738.07960  z_LSST  24.53334  0.63283
61738.07910  z_LSST  24.17661  0.45561
61738.07870  z_LSST  24.48691  0.60634
61738.07830  z_LSST  24.36424  0.54156
61738.07790  z_LSST  24.16538  0.45092
61738.07740  z_LSST  24.06590  0.41145
61738.07570  u_LSST  26.30372  1.30706
61738.07530  u_LSST  26.82202  2.10677
61738.07380  u_LSST  28.39077  8.93546
61738.07300  u_LSST  25.75930  0.79164
61738.07120  r_LSST  24.88500  0.23978
61738.07080  r_LSST  24.71329  0.20470
61738.07040  r_LSST  24.69455  0.20120
61738.07000  r_LSST  25.05802  0.28120
61738.06960  r_LSST  24.83454  0.22889
61738.06920  r_LSST  24.74801  0.21135
61738.06870  r_LSST  24.74041  0.20988
61738.06830  r_LSST  24.99439  0.26519
61738.06790  r_LSST  24.75548  0.21281
61738.06750  r_LSST  25.61418  0.46933
61738.06700  r_LSST  24.83291  0.22854
61738.06660  r_LSST  24.58122  0.18126
61738.06620  r_LSST  24.75741  0.21319
61738.06580  r_LSST  24.71085  0.20424
61738.06540  r_LSST  24.63135  0.18982
61738.06500  r_LSST  24.58383  0.18169
61738.06450  r_LSST  24.91221  0.24586
61738.06410  r_LSST  24.82271  0.22641
61738.06370  r_LSST  24.75536  0.21279
61738.06330  r_LSST  24.71627  0.20527
61738.06150  i_LSST  24.18168  0.21163
61738.06110  i_LSST  24.18993  0.21325
61738.06070  i_LSST  24.48219  0.27912
61738.06030  i_LSST  24.09993  0.19628
61738.05980  i_LSST  23.96160  0.17280
61738.05940  i_LSST  24.19792  0.21482
61738.05900  i_LSST  24.13957  0.20358
61738.05860  i_LSST  24.15483  0.20646
61738.05820  i_LSST  24.27825  0.23132
61738.05780  i_LSST  24.09805  0.19594
61738.05730  i_LSST  24.13414  0.20256
61738.05690  i_LSST  24.10662  0.19750
61738.05650  i_LSST  24.33445  0.24361
61738.05610  i_LSST  24.05341  0.18805
61738.05560  i_LSST  24.35695  0.24871
61738.05520  i_LSST  24.24791  0.22494
61738.05480  i_LSST  24.32071  0.24054
61738.05440  i_LSST  24.06188  0.18952
61738.05400  i_LSST  24.08558  0.19370
61738.05360  i_LSST  24.16229  0.20789
61738.05140  g_LSST  26.89482  1.10945
61738.05090  g_LSST  26.17757  0.57307
61738.05010  g_LSST  26.21563  0.59352
61738.04970  g_LSST  26.33555  0.66283
61738.04930  g_LSST  29.23887  9.61014
61738.04800  g_LSST  27.17317  1.43367
61730.15460  z_LSST  26.19647  6.13525
61730.15420  z_LSST  26.38641  7.30815
61730.15340  z_LSST  25.16911  2.38170
61730.15290  z_LSST  23.34243  0.44281
61730.15210  z_LSST  23.71673  0.62508
61730.15170  z_LSST  25.91909  4.75205
61730.15080  z_LSST  25.22739  2.51304
61730.15040  z_LSST  24.38838  1.16037
61730.14920  z_LSST  24.13621  0.91987
61730.14880  z_LSST  24.29684  1.06655
61730.14830  z_LSST  23.81954  0.68717
61730.14790  z_LSST  24.57449  1.37733
61730.14750  z_LSST  23.36449  0.45190
61730.14710  z_LSST  23.85441  0.70959
61730.14670  z_LSST  24.21084  0.98533
61730.14630  z_LSST  24.15041  0.93198
61730.13560  r_LSST  24.76239  0.41002
61730.13520  r_LSST  26.15390  1.47711
61730.13480  r_LSST  27.83698  6.96053
61730.13430  r_LSST  25.67772  0.95266
61730.13390  r_LSST  25.26669  0.65242
61730.13310  r_LSST  25.60537  0.89125
61730.13270  r_LSST  24.41545  0.29787
61730.13230  r_LSST  26.84029  2.77950
61730.13180  r_LSST  24.97712  0.49969
61730.13140  r_LSST  28.66051  14.86127
61730.13100  r_LSST  24.83590  0.43874
61730.13060  r_LSST  25.20929  0.61882
61730.12970  r_LSST  24.69764  0.38628
61730.12930  r_LSST  24.85010  0.44452
61730.12890  r_LSST  26.26505  1.63633
61730.12810  r_LSST  26.19426  1.53305
61730.12770  r_LSST  24.62509  0.36132
61730.12590  i_LSST  24.73225  0.45265
61730.12550  i_LSST  26.58695  2.49827
61730.12500  i_LSST  25.14789  0.66377
61730.12420  i_LSST  27.10350  4.02034
61730.12380  i_LSST  26.36325  2.03311
61730.12340  i_LSST  24.88198  0.51958
61730.12300  i_LSST  24.54933  0.38247
61730.12250  i_LSST  24.72888  0.45124
61730.12210  i_LSST  24.71531  0.44564
61730.12170  i_LSST  26.59834  2.52463
61730.12130  i_LSST  24.65462  0.42142
61730.12090  i_LSST  24.86745  0.51267
61730.12040  i_LSST  24.70189  0.44017
61730.12000  i_LSST  25.14736  0.66345
61730.11960  i_LSST  25.52284  0.93756
61730.11920  i_LSST  24.71423  0.44520
61730.11880  i_LSST  25.33953  0.79190
61730.11840  i_LSST  24.52617  0.37439
61730.11790  i_LSST  24.56568  0.38827
61730.11490  g_LSST  27.27052  4.39196
61730.11410  g_LSST  25.20729  0.65670
61730.11370  g_LSST  25.94794  1.29905
61730.11320  g_LSST  27.26454  4.36783
61730.11280  g_LSST  27.32054  4.59902
61730.11240  g_LSST  25.64410  0.98195
61724.23440  z_LSST  24.23738  0.79609
61724.23400  z_LSST  24.18621  0.75944
61724.23320  z_LSST  23.94272  0.60687
61724.23190  z_LSST  24.12351  0.71683
61724.23150  z_LSST  25.38842  2.29815
61724.23110  z_LSST  24.22779  0.78910
61724.23070  z_LSST  24.89671  1.46115
61724.23030  z_LSST  25.58196  2.74661
61724.22860  z_LSST  25.73096  3.15060
61724.22820  z_LSST  23.90218  0.58463
61724.22780  z_LSST  25.11449  1.78570
61724.22690  z_LSST  24.28672  0.83311
61724.22650  z_LSST  24.47303  0.98906
61724.21460  r_LSST  24.61311  1.11179
61724.21380  r_LSST  24.16490  0.73577
61724.21340  r_LSST  26.11349  4.42771
61724.21290  r_LSST  25.54238  2.61658
61724.21170  r_LSST  24.51590  1.01658
61724.21130  r_LSST  23.97443  0.61738
61724.21090  r_LSST  25.95729  3.83439
61724.21040  r_LSST  24.48157  0.98494
61724.20880  r_LSST  24.67761  1.17985
61724.20840  r_LSST  23.85315  0.55213
61724.20750  r_LSST  26.09393  4.34862
61724.20450  i_LSST  23.78240  0.52364
61724.20410  i_LSST  24.38284  0.91036
61724.20320  i_LSST  24.76155  1.29031
61724.20200  i_LSST  25.36776  2.25516
61724.20160  i_LSST  25.03525  1.66026
61724.20120  i_LSST  27.60498  17.70383
61724.20070  i_LSST  24.96925  1.56234
61724.19950  i_LSST  25.96327  3.90285
61724.19870  i_LSST  24.59863  1.11052
61724.19780  i_LSST  24.43873  0.95845
61724.19740  i_LSST  25.73751  3.17016
61724.19520  g_LSST  26.52306  5.45044
61724.19480  g_LSST  25.59006  2.30798
61724.19350  g_LSST  24.98276  1.31920
61724.19310  g_LSST  25.64783  2.43411
61724.19190  g_LSST  25.45232  2.03298
61719.15360  z_LSST  24.20967  0.76970
61716.32640  z_LSST  25.35770  3.20651
61716.32550  z_LSST  24.14327  1.04775
61716.32390  z_LSST  24.28357  1.19229
61716.32350  z_LSST  25.11913  2.57397
61716.32260  z_LSST  28.56685  61.61584
61716.32220  z_LSST  24.80226  1.92246
61716.32180  z_LSST  24.29243  1.20205
61716.32100  z_LSST  24.64253  1.65944
61716.32050  z_LSST  25.67643  4.30054
61716.31930  z_LSST  25.30330  3.04979
61716.31890  z_LSST  25.33684  3.14549
61716.31850  z_LSST  24.34299  1.25935
61716.31800  z_LSST  24.37334  1.29505
61716.31720  z_LSST  23.13250  0.41300
61716.31680  z_LSST  25.34950  3.18237
61716.28820  r_LSST  26.10969  1.78523
61716.28770  r_LSST  27.67978  7.58104
61716.28730  r_LSST  28.43031  15.13350
61716.28690  r_LSST  27.27406  5.21726
61716.28650  r_LSST  26.22357  1.98264
61716.28610  r_LSST  24.86203  0.56575
61716.28520  r_LSST  24.74714  0.50895
61716.28480  r_LSST  25.58258  1.09862
61716.28400  r_LSST  26.71363  3.11364
61716.28320  r_LSST  25.52231  1.03930
61716.28270  r_LSST  25.10357  0.70671
61716.28230  r_LSST  25.17298  0.75337
61716.28070  r_LSST  26.10450  1.77671
61716.26900  i_LSST  26.49398  3.69310
61716.26780  i_LSST  25.91087  2.15849
61716.26740  i_LSST  25.23986  1.16344
61716.26690  i_LSST  25.36560  1.30629
61716.26610  i_LSST  26.01942  2.38544
61716.26570  i_LSST  24.92486  0.87045
61716.26530  i_LSST  25.95230  2.24244
61716.26400  i_LSST  26.31132  3.12126
61716.26320  i_LSST  25.96058  2.25960
61716.26280  i_LSST  25.18654  1.10769
61716.26240  i_LSST  25.75241  1.86537
61716.26190  i_LSST  28.82560  31.62577
61716.26110  i_LSST  25.04599  0.97319
61716.25400  g_LSST  28.95776  12.19391
61716.25360  g_LSST  25.60458  0.55574
61716.25150  g_LSST  26.90738  1.84498
61716.25110  g_LSST  26.10531  0.88138
61709.15250  z_LSST  25.59522  1.57279
61709.15200  z_LSST  25.08351  0.98172
61709.15160  z_LSST  25.57862  1.54893
61709.15080  z_LSST  25.63351  1.62925
61709.14990  z_LSST  25.28523  1.18216
61709.14950  z_LSST  25.11116  1.00704
61709.14870  z_LSST  25.65950  1.66872
61709.14830  z_LSST  25.53672  1.49029
61709.14780  z_LSST  25.20043  1.09334
61709.14740  z_LSST  24.93385  0.85531
61709.14700  z_LSST  25.68366  1.70627
61709.14530  z_LSST  27.46790  8.82555
61709.14410  z_LSST  24.82156  0.77127
61709.14370  z_LSST  24.62986  0.64644
61709.14320  z_LSST  24.44542  0.54544
61709.14070  u_LSST  25.15284  0.55531
61709.13950  u_LSST  28.47803  11.87448
61709.13530  r_LSST  25.89346  0.74889
61709.13490  r_LSST  26.03076  0.84984
61709.13450  r_LSST  29.49702  20.69387
61709.13410  r_LSST  28.36454  7.29210
61709.13370  r_LSST  30.39457  47.30034
61709.13240  r_LSST  25.51503  0.52850
61709.13200  r_LSST  25.99854  0.82499
61709.13110  r_LSST  28.31270  6.95209
61709.13070  r_LSST  25.92173  0.76865
61709.13030  r_LSST  26.12147  0.92389
61709.12990  r_LSST  26.15318  0.95128
61709.12950  r_LSST  26.30784  1.09691
61709.12680  i_LSST  26.33873  1.74733
61709.12640  i_LSST  25.74271  1.00917
61709.12600  i_LSST  27.22490  3.95220
61709.12480  i_LSST  25.27793  0.65774
61709.12310  i_LSST  25.48169  0.79352
61709.12260  i_LSST  26.87252  2.85686
61709.12220  i_LSST  26.20473  1.54445
61709.12100  i_LSST  25.70045  0.97064
61709.12060  i_LSST  25.77486  1.03950
61709.11710  g_LSST  27.14241  1.58253
61709.11670  g_LSST  27.99071  3.45679
61709.11630  g_LSST  26.99093  1.37645
61709.11590  g_LSST  25.43525  0.32847
61709.11460  g_LSST  27.55385  2.31168
61709.11420  g_LSST  27.53583  2.27364
61703.02380  u_LSST  24.56004  0.50623
61703.02340  u_LSST  24.59965  0.52504
61703.02260  u_LSST  25.41016  1.10763
61703.02220  u_LSST  25.65653  1.38977
61703.02150  u_LSST  27.07726  5.14320
61701.17790  z_LSST  24.81227  1.01662
61701.17700  z_LSST  26.18842  3.61092
61701.17660  z_LSST  24.68193  0.90162
61701.17580  z_LSST  25.06402  1.28192
61701.17500  z_LSST  24.00371  0.48277
61701.17450  z_LSST  26.22560  3.73674
61701.17410  z_LSST  25.99460  3.02059
61701.17240  z_LSST  25.51492  1.94186
61701.17200  z_LSST  25.17493  1.41979
61701.17120  z_LSST  25.68680  2.27494
61701.16950  z_LSST  25.59257  2.08583
61701.15880  r_LSST  26.40286  1.69154
61701.15840  r_LSST  26.71166  2.24802
61701.15760  r_LSST  26.29597  1.53294
61701.15510  r_LSST  26.21158  1.41831
61701.15420  r_LSST  26.52870  1.89941
61701.15300  r_LSST  28.47504  11.40658
61701.15170  r_LSST  26.38736  1.66756
61701.15130  r_LSST  26.41230  1.70632
61701.15090  r_LSST  27.74793  5.83859
61701.14910  i_LSST  26.50944  2.95948
61701.14740  i_LSST  25.26586  0.94142
61701.14700  i_LSST  25.66052  1.35409
61701.14530  i_LSST  28.15463  13.46771
61701.14450  i_LSST  26.00467  1.85913
61701.14400  i_LSST  26.36475  2.59025
61701.14320  i_LSST  26.91997  4.31945
61701.14240  i_LSST  25.51272  1.18176
61701.14200  i_LSST  25.61268  1.29572
61701.14150  i_LSST  25.74156  1.45903
61701.14110  i_LSST  26.76847  3.75689
61701.13890  g_LSST  27.50801  3.53174
61701.13730  g_LSST  26.00491  0.88460
61701.13640  g_LSST  27.13823  2.51234
61695.05900  z_LSST  24.25090  0.58163
61695.05860  z_LSST  24.97538  1.13353
61695.05770  z_LSST  26.16440  3.38878
61695.05730  z_LSST  24.73058  0.90472
61695.05690  z_LSST  26.11229  3.22997
61695.05600  z_LSST  24.36578  0.64654
61695.05520  z_LSST  28.49316  28.94328
61695.05480  z_LSST  26.57992  4.96879
61695.05440  z_LSST  27.25880  9.28542
61695.05400  z_LSST  26.42285  4.29954
61695.05350  z_LSST  25.74208  2.29675
61695.05270  z_LSST  25.32384  1.56250
61695.05150  z_LSST  26.92544  6.83062
61695.05100  z_LSST  24.95091  1.10827
61695.05060  z_LSST  24.68733  0.86939
61695.04980  z_LSST  24.36923  0.64859
61695.03870  r_LSST  25.45661  1.03088
61695.03830  r_LSST  25.12768  0.76144
61695.03620  r_LSST  27.28847  5.57126
61695.03580  r_LSST  25.98141  1.67159
61695.03540  r_LSST  26.81774  3.61129
61695.03410  r_LSST  26.19427  2.03363
61695.03370  r_LSST  26.30422  2.25037
61695.03250  r_LSST  27.33111  5.79439
61695.02900  i_LSST  28.13346  15.04496
61695.02650  i_LSST  26.66259  3.88190
61695.02610  i_LSST  25.62188  1.48853
61695.02400  i_LSST  25.87174  1.87371
61695.02360  i_LSST  26.76191  4.25375
61695.02280  i_LSST  24.80183  0.69943
61695.02230  i_LSST  28.31322  17.75398
61695.02190  i_LSST  26.38650  3.01030
61695.02150  i_LSST  24.64717  0.60656
61695.01930  g_LSST  28.19892  9.29855
61695.01760  g_LSST  26.59828  2.12891
61695.01680  g_LSST  28.83563  16.71472
61695.01640  g_LSST  26.13267  1.38648
61695.01560  g_LSST  26.11533  1.36452
61687.36980  z_LSST  25.04452  1.80326
61687.36940  z_LSST  24.71123  1.32661
61687.36900  z_LSST  30.67229  321.48891
61687.36650  z_LSST  25.58681  2.97149
61687.36530  z_LSST  25.55397  2.88296
61687.36440  z_LSST  24.48276  1.07487
61687.36400  z_LSST  24.08446  0.74479
61687.36360  z_LSST  24.41485  1.00970
61687.36320  z_LSST  25.70565  3.31521
61687.36280  z_LSST  24.11173  0.76373
61687.36190  z_LSST  25.36023  2.41181
61687.36110  z_LSST  25.24843  2.17582
61687.33160  r_LSST  25.86503  1.15602
61687.33110  r_LSST  27.93332  7.76748
61687.33070  r_LSST  26.95617  3.15807
61687.32950  r_LSST  25.53047  0.84945
61687.32910  r_LSST  25.26899  0.66765
61687.32860  r_LSST  25.44013  0.78163
61687.30990  r_LSST  26.76585  2.65029
61687.30910  r_LSST  27.18599  3.90255
61687.30830  r_LSST  27.59028  5.66324
61687.30790  r_LSST  29.33810  28.32638
61687.30740  r_LSST  26.25950  1.66246
61687.30700  r_LSST  27.02029  3.35017
61687.30520  i_LSST  24.85722  0.53085
61687.30480  i_LSST  25.02964  0.62221
61687.30360  i_LSST  25.10766  0.66857
61687.30270  i_LSST  28.21389  11.68525
61687.30190  i_LSST  26.24297  1.90226
61687.30110  i_LSST  27.25659  4.83856
61687.29980  i_LSST  25.92924  1.42488
61687.29860  i_LSST  25.82395  1.29318
61687.29820  i_LSST  25.03786  0.62694
61687.29770  i_LSST  28.75128  19.16881
61687.29730  i_LSST  25.63627  1.08790
61687.29470  g_LSST  26.48084  0.90253
61687.29390  g_LSST  25.77290  0.47021
61687.29350  g_LSST  26.72938  1.13469
61687.29180  g_LSST  27.21441  1.77374
61679.23700  z_LSST  25.37036  1.20732
61679.23660  z_LSST  25.68528  1.61358
61679.23570  z_LSST  27.30202  7.15299
61679.23530  z_LSST  25.71393  1.65674
61679.23410  z_LSST  25.07990  0.92393
61679.23320  z_LSST  25.89501  1.95741
61679.23280  z_LSST  25.21708  1.04836
61679.23240  z_LSST  25.55453  1.43051
61679.22990  z_LSST  27.49725  8.56211
61679.22950  z_LSST  26.16331  2.50614
61679.22820  z_LSST  25.04194  0.89219
61679.22780  z_LSST  25.52186  1.38811
61679.22560  u_LSST  26.58935  2.01916
61679.22530  u_LSST  28.33617  10.09014
61679.22450  u_LSST  28.38071  10.51271
61679.22410  u_LSST  25.68830  0.88054
61679.22120  r_LSST  27.19789  2.97684
61679.22070  r_LSST  25.83090  0.84520
61679.21990  r_LSST  25.95770  0.94991
61679.21950  r_LSST  26.28681  1.28625
61679.21910  r_LSST  28.35803  8.66593
61679.21870  r_LSST  26.98425  2.44513
61679.21740  r_LSST  26.29385  1.29462
61679.21700  r_LSST  27.15165  2.85274
61679.21530  r_LSST  26.76861  2.00469
61679.21490  r_LSST  28.38503  8.88415
61679.21400  r_LSST  26.37591  1.39626
61679.21360  r_LSST  25.79429  0.81718
61679.21180  i_LSST  25.06470  0.56127
61679.21140  i_LSST  26.05101  1.39216
61679.21100  i_LSST  25.47214  0.81685
61679.21020  i_LSST  27.11060  3.69426
61679.20810  i_LSST  26.59171  2.29073
61679.20680  i_LSST  28.86208  18.54038
61679.20550  i_LSST  26.07201  1.41936
61679.20510  i_LSST  26.98414  3.28810
61679.20470  i_LSST  26.81999  2.82674
61679.20430  i_LSST  26.67270  2.46812
61679.20210  g_LSST  26.68515  1.18568
61679.20170  g_LSST  28.63687  7.15579
61679.20080  g_LSST  26.53754  1.03497
61679.19920  g_LSST  26.57486  1.07116
61676.23290  i_LSST  25.20295  0.69200
61673.00710  u_LSST  24.91616  1.10885
61673.00630  u_LSST  25.51924  1.93243
61673.00520  u_LSST  25.13793  1.36013
61673.00480  u_LSST  25.64763  2.17501
61672.25350  z_LSST  24.58881  0.54066
61672.25310  z_LSST  26.01167  2.00479
61672.25220  z_LSST  26.85400  4.35512
61672.25060  z_LSST  26.91724  4.61633
61672.25010  z_LSST  27.54904  8.26072
61672.24970  z_LSST  24.72850  0.61490
61672.24890  z_LSST  25.64168  1.42585
61672.24760  z_LSST  29.00992  31.72261
61672.24680  z_LSST  25.22317  0.96977
61672.24600  z_LSST  26.62388  3.52334
61672.24430  z_LSST  26.54333  3.27139
61672.23360  r_LSST  27.48590  3.76144
61672.23320  r_LSST  26.01015  0.96617
61672.23230  r_LSST  27.77086  4.89032
61672.23150  r_LSST  25.79161  0.79002
61672.23110  r_LSST  25.38878  0.54514
61672.23070  r_LSST  27.41850  3.53505
61672.22850  r_LSST  27.64732  4.36435
61672.22810  r_LSST  28.28817  7.87524
61672.22770  r_LSST  25.63840  0.68604
61672.22690  r_LSST  25.85898  0.84059
61672.22650  r_LSST  25.59493  0.65912
61672.22600  r_LSST  26.18753  1.13764
61672.22380  i_LSST  26.76060  2.77840
61672.22300  i_LSST  26.73919  2.72415
61672.22180  i_LSST  24.98585  0.54187
61672.22090  i_LSST  26.63482  2.47447
61672.21960  i_LSST  26.96532  3.35494
61672.21800  i_LSST  25.91684  1.27730
61672.21750  i_LSST  29.03226  22.51430
61672.21670  i_LSST  27.74235  6.86273
61672.21630  i_LSST  26.01699  1.40072
61672.21590  i_LSST  26.61428  2.42810
61672.21410  g_LSST  28.71229  7.07929
61672.21370  g_LSST  27.92204  3.41890
61672.21330  g_LSST  26.60589  1.01725
61672.21280  g_LSST  26.92622  1.36634
61672.21240  g_LSST  26.62927  1.03939
61672.21030  g_LSST  25.66980  0.42953
61666.05380  z_LSST  24.44328  1.13254
61666.05250  z_LSST  24.44210  1.13131
61666.05170  z_LSST  24.91759  1.75297
61666.05000  z_LSST  24.39352  1.08180
61666.04920  z_LSST  27.61975  21.11739
61666.04880  z_LSST  23.88120  0.67487
61666.04840  z_LSST  23.95953  0.72536
61666.04750  z_LSST  24.03448  0.77720
61666.04710  z_LSST  24.69741  1.43121
61666.04630  z_LSST  24.63951  1.35689
61666.04550  z_LSST  25.37697  2.67626
61666.04500  z_LSST  25.51652  3.04332
61666.04460  z_LSST  25.43091  2.81257
61666.03360  r_LSST  27.50466  10.64169
61666.03310  r_LSST  24.95840  1.01978
61666.03270  r_LSST  25.04662  1.10610
61666.03230  r_LSST  26.48156  4.14736
61666.03020  r_LSST  28.58354  28.74518
61666.02940  r_LSST  26.11624  2.96241
61666.02860  r_LSST  24.63327  0.75589
61666.02770  r_LSST  26.95158  6.39409
61666.02690  r_LSST  24.22853  0.52067
61666.02650  r_LSST  25.87805  2.37885
61666.02610  r_LSST  26.11227  2.95159
61666.02430  i_LSST  25.83040  3.09872
61666.02390  i_LSST  24.85342  1.26007
61666.02180  i_LSST  25.13454  1.63245
61666.02140  i_LSST  24.34412  0.78827
61666.02090  i_LSST  24.33838  0.78411
61666.02050  i_LSST  25.47679  2.23738
61666.01890  i_LSST  23.94796  0.54728
61666.01760  i_LSST  24.59262  0.99099
61666.01680  i_LSST  24.11384  0.63762
61666.01420  g_LSST  26.31252  1.87200
61666.01290  g_LSST  27.06103  3.73002
61666.01250  g_LSST  27.65808  6.46446
61666.01170  g_LSST  24.85683  0.48981
61666.01080  g_LSST  25.68693  1.05214
61659.24000  z_LSST  25.91553  3.35094
61659.23960  z_LSST  24.73373  1.12836
61659.23910  z_LSST  27.05334  9.55627
61659.23830  z_LSST  24.91582  1.33439
61659.23740  z_LSST  24.44451  0.86448
61659.23700  z_LSST  26.01069  3.65788
61659.23660  z_LSST  25.02758  1.47906
61659.23620  z_LSST  24.74271  1.13772
61659.23580  z_LSST  24.80052  1.19995
61659.23540  z_LSST  24.84657  1.25194
61659.23450  z_LSST  24.43042  0.85334
61659.23370  z_LSST  24.46645  0.88213
61659.23280  z_LSST  25.29174  1.88647
61659.23200  z_LSST  24.98946  1.42804
61659.23070  z_LSST  24.73673  1.13148
61659.22000  r_LSST  26.05883  2.18763
61659.21630  r_LSST  25.33847  1.12675
61659.21580  r_LSST  25.11126  0.91400
61659.21460  r_LSST  26.28792  2.70155
61659.21370  r_LSST  26.50687  3.30515
61659.21250  r_LSST  24.97569  0.80671
61659.21210  r_LSST  25.91778  1.92112
61659.21030  i_LSST  25.50539  1.66812
61659.20980  i_LSST  24.27651  0.53786
61659.20940  i_LSST  26.38114  3.73701
61659.20900  i_LSST  29.98947  103.71910
61659.20820  i_LSST  27.43686  9.88128
61659.20780  i_LSST  25.40885  1.52620
61659.20730  i_LSST  24.61688  0.73590
61659.20690  i_LSST  25.73761  2.06592
61659.20650  i_LSST  24.28851  0.54384
61659.20610  i_LSST  25.93555  2.47908
61657.30060  i_LSST  26.41757  1.52967
61657.29970  i_LSST  25.70835  0.79599
61657.29890  i_LSST  25.72363  0.80727
61657.29550  g_LSST  28.07411  3.37643
61657.29420  g_LSST  26.73720  0.98558
61657.29380  g_LSST  27.03690  1.29889
61657.29340  g_LSST  29.01038  7.99767
61656.32140  z_LSST  24.93684  1.10518
61653.38900  z_LSST  25.57781  2.13877
61653.36470  i_LSST  26.11484  1.96632
61650.30960  z_LSST  24.96636  1.11620
61650.30880  z_LSST  26.73514  5.69183
61650.30830  z_LSST  24.78416  0.94376
61650.30790  z_LSST  25.71981  2.23419
61650.30750  z_LSST  25.94097  2.73894
61650.30670  z_LSST  24.59623  0.79376
61650.30540  z_LSST  24.23869  0.57105
61650.30500  z_LSST  24.97301  1.12305
61650.30460  z_LSST  26.20744  3.50083
61650.30410  z_LSST  25.32037  1.54649
61650.29780  u_LSST  26.48316  2.09827
61650.29740  u_LSST  25.87370  1.19696
61650.29670  u_LSST  26.98526  3.33199
61650.29590  u_LSST  26.61723  2.37406
61650.29330  r_LSST  26.70282  1.53501
61650.29170  r_LSST  28.71366  9.78244
61650.29120  r_LSST  25.88413  0.72216
61650.29040  r_LSST  26.63251  1.43876
61650.28910  r_LSST  27.59922  3.50487
61650.28870  r_LSST  26.23780  1.00024
61650.28790  r_LSST  26.89801  1.83733
61650.28740  r_LSST  25.98768  0.79443
61650.28660  r_LSST  27.41911  2.96911
61650.28620  r_LSST  27.10444  2.22208
61650.28360  i_LSST  25.60437  0.84949
61650.28230  i_LSST  28.42585  11.42217
61650.28150  i_LSST  26.68842  2.30557
61650.28070  i_LSST  25.29980  0.64170
61650.27940  i_LSST  26.51632  1.96760
61650.27850  i_LSST  24.90089  0.44439
61650.27730  i_LSST  26.90842  2.82343
61650.27600  i_LSST  25.25104  0.61351
61650.27430  g_LSST  26.76413  1.21462
61650.27380  g_LSST  26.71437  1.16021
61650.27340  g_LSST  28.89946  8.68102
61650.27300  g_LSST  27.17606  1.77506
61650.27260  g_LSST  26.12781  0.67595
61650.27220  g_LSST  27.28855  1.96883
61650.27180  g_LSST  29.79781  19.85694
61650.27090  g_LSST  27.76389  3.05031
61650.27050  g_LSST  25.94915  0.57339
61644.08250  u_LSST  23.71954  0.52173
61644.08210  u_LSST  29.36558  94.59410
61644.08170  u_LSST  25.64163  3.06397
61644.08130  u_LSST  24.63426  1.21153
61644.08090  u_LSST  24.25902  0.85751
61644.08050  u_LSST  24.12119  0.75528
61643.31480  z_LSST  26.20463  3.77685
61643.31390  z_LSST  24.49419  0.78154
61643.31310  z_LSST  24.54723  0.82067
61643.31190  z_LSST  25.06876  1.32673
61643.31140  z_LSST  25.39437  1.79071
61643.31060  z_LSST  24.43643  0.74106
61643.31020  z_LSST  25.86016  2.75007
61643.30970  z_LSST  25.65323  2.27284
61643.30890  z_LSST  28.70018  37.61405
61643.30770  z_LSST  27.44233  11.80892
61643.30720  z_LSST  23.67877  0.36880
61643.30680  z_LSST  25.18750  1.48006
61643.30640  z_LSST  24.20545  0.59904
61643.30600  z_LSST  24.94562  1.18448
61643.30550  z_LSST  24.97311  1.21485
61643.30510  z_LSST  25.42717  1.84564
61643.29360  r_LSST  27.27541  4.09137
61643.29320  r_LSST  25.87048  1.12175
61643.29280  r_LSST  28.09042  8.66710
61643.29240  r_LSST  25.35162  0.69559
61643.29150  r_LSST  24.80030  0.41862
61643.28980  r_LSST  25.41727  0.73895
61643.28940  r_LSST  25.03763  0.52090
61643.28900  r_LSST  25.97386  1.23381
61643.28860  r_LSST  26.42191  1.86410
61643.28820  r_LSST  26.15229  1.45420
61643.28770  r_LSST  26.14997  1.45108
61643.28730  r_LSST  27.02437  3.24678
61643.28690  r_LSST  25.37410  0.71015
61643.28430  i_LSST  25.36749  1.01513
61643.28390  i_LSST  25.57406  1.22787
61643.28300  i_LSST  27.71194  8.79632
61643.28260  i_LSST  25.36836  1.01595
61643.28180  i_LSST  25.67391  1.34614
61643.28100  i_LSST  26.67581  3.38727
61643.28010  i_LSST  27.05277  4.79329
61643.27970  i_LSST  29.55646  48.09611
61643.27920  i_LSST  26.18661  2.15858
61643.27840  i_LSST  25.06372  0.76739
61643.27760  i_LSST  25.11315  0.80313
61643.27670  i_LSST  25.13200  0.81720
61643.27500  g_LSST  25.77665  0.58348
61643.27450  g_LSST  25.53818  0.46843
61643.27410  g_LSST  26.14810  0.82150
61643.27370  g_LSST  26.00667  0.72116
61643.27330  g_LSST  25.51744  0.45956
61643.27290  g_LSST  27.73306  3.53666
61643.27200  g_LSST  26.97588  1.76085
61643.27160  g_LSST  28.26653  5.78069
61638.36660  z_LSST  24.82872  1.49900
61638.36580  z_LSST  24.92089  1.63182
61638.36500  z_LSST  25.14323  2.00266
61638.36450  z_LSST  24.79697  1.45581
61638.36330  z_LSST  24.95158  1.67860
61638.36290  z_LSST  24.14043  0.79522
61638.36160  z_LSST  25.31918  2.35498
61638.36120  z_LSST  26.75086  8.80360
61638.35990  z_LSST  24.76914  1.41896
61638.35950  z_LSST  23.69073  0.52554
61638.35910  z_LSST  24.19400  0.83544
61638.35830  z_LSST  24.37167  0.98397
61638.34630  r_LSST  25.26954  1.51380
61638.34510  r_LSST  26.06028  3.13592
61638.34340  r_LSST  24.24656  0.59003
61638.34260  r_LSST  26.68028  5.55092
61638.34170  r_LSST  26.62246  5.26304
61638.34130  r_LSST  25.12356  1.32335
61638.33960  r_LSST  25.11676  1.31509
61638.33920  r_LSST  30.34897  162.87022
61638.33660  i_LSST  24.24000  0.60931
61638.33580  i_LSST  26.71128  5.93402
61638.33450  i_LSST  24.17577  0.57431
61638.33330  i_LSST  24.29770  0.64257
61638.33240  i_LSST  27.14345  8.83525
61638.33200  i_LSST  25.49976  1.94420
61638.33120  i_LSST  25.87294  2.74164
61638.33070  i_LSST  24.86170  1.08023
61638.33030  i_LSST  26.49189  4.84832
61638.32990  i_LSST  24.82677  1.04603
61638.32870  i_LSST  24.19272  0.58334
61638.32600  g_LSST  24.64852  0.70901
61638.32560  g_LSST  24.65963  0.71630
61638.32440  g_LSST  24.51318  0.62592
61629.24960  z_LSST  25.46695  3.63513
61629.24790  z_LSST  24.66357  1.73448
61629.24620  z_LSST  27.55536  24.88204
61629.24580  z_LSST  23.92861  0.88143
61629.24500  z_LSST  25.58972  4.07031
61629.24410  z_LSST  24.61348  1.65628
61629.24370  z_LSST  24.34443  1.29274
61629.24330  z_LSST  24.66091  1.73023
61629.24250  z_LSST  27.43901  22.35339
61629.24160  z_LSST  26.12864  6.68644
61629.22930  r_LSST  25.41214  1.46189
61629.22890  r_LSST  25.74519  1.98671
61629.22720  r_LSST  24.66547  0.73493
61629.22640  r_LSST  26.07251  2.68573
61629.22600  r_LSST  24.64598  0.72186
61629.22470  r_LSST  25.11347  1.11032
61629.22350  r_LSST  25.62625  1.78056
61629.22260  r_LSST  25.85005  2.18816
61629.22220  r_LSST  25.46016  1.52800
61629.21960  i_LSST  24.08589  0.65790
61629.21790  i_LSST  27.16230  11.18731
61629.21750  i_LSST  25.18896  1.81714
61629.21710  i_LSST  26.42859  5.69167
61629.21670  i_LSST  24.79332  1.26222
61629.21630  i_LSST  24.88731  1.37635
61629.21540  i_LSST  25.11894  1.70365
61629.21460  i_LSST  25.63610  2.74313
61629.21420  i_LSST  25.03142  1.57171
61629.21380  i_LSST  24.41000  0.88676
61629.21250  i_LSST  24.15076  0.69841
61629.21170  i_LSST  24.96590  1.47967
61629.20990  g_LSST  25.04842  1.42749
61629.20780  g_LSST  25.65070  2.48591
61629.20700  g_LSST  24.54403  0.89705
61621.39380  z_LSST  24.70443  1.03202
61621.39290  z_LSST  26.38976  4.87326
61621.39170  z_LSST  27.42363  12.62889
61621.39120  z_LSST  28.01539  21.78060
61621.39080  z_LSST  26.58212  5.81782
61621.39040  z_LSST  25.90307  3.11274
61621.38960  z_LSST  25.32999  1.83616
61621.38920  z_LSST  25.24907  1.70428
61621.38830  z_LSST  26.68674  6.40637
61621.38790  z_LSST  28.20247  25.87634
61621.38710  z_LSST  24.23948  0.67252
61621.38620  z_LSST  24.25577  0.68269
61621.38580  z_LSST  24.74728  1.07356
61621.38500  z_LSST  24.93087  1.27135
61621.38450  z_LSST  26.08546  3.68211
61621.38410  z_LSST  24.34343  0.74009
61621.38240  u_LSST  26.69056  3.65891
61621.38200  u_LSST  25.45252  1.16986
61621.38160  u_LSST  25.80845  1.62371
61621.38120  u_LSST  26.42620  2.86818
61621.38010  u_LSST  27.41558  7.13446
61621.37710  r_LSST  25.75358  1.05370
61621.37620  r_LSST  25.68466  0.98888
61621.37580  r_LSST  28.57363  14.14922
61621.37540  r_LSST  26.14817  1.51549
61621.37500  r_LSST  27.55547  5.53950
61621.37460  r_LSST  25.68311  0.98747
61621.37370  r_LSST  25.64334  0.95196
61621.37240  r_LSST  25.63396  0.94377
61621.37200  r_LSST  25.29118  0.68826
61621.37120  r_LSST  25.48661  0.82400
61621.37040  r_LSST  25.78497  1.08460
61621.36730  i_LSST  27.43110  7.00729
61621.36610  i_LSST  25.81975  1.58859
61621.36520  i_LSST  26.61108  3.29262
61621.36480  i_LSST  27.56248  7.90868
61621.36230  i_LSST  25.52733  1.21351
61621.36190  i_LSST  28.26477  15.10152
61621.36150  i_LSST  25.79830  1.55751
61621.36020  i_LSST  27.75803  9.46941
61621.35760  g_LSST  26.08933  0.79994
61621.35680  g_LSST  25.95036  0.70384
61621.35590  g_LSST  27.65015  3.36812
61621.35550  g_LSST  25.37460  0.41416
61621.35470  g_LSST  27.59662  3.20610
61615.16260  u_LSST  24.84945  1.85879
61615.16220  u_LSST  24.39202  1.21972
61615.16180  u_LSST  26.35412  7.43193
61615.16070  u_LSST  25.14223  2.43413
61615.15990  u_LSST  27.34361  18.48832
61614.36200  r_LSST  25.32387  0.73585
61614.30900  z_LSST  23.97143  0.56439
61614.30820  z_LSST  24.07509  0.62094
61614.30780  z_LSST  24.70275  1.10691
61614.30650  z_LSST  28.81363  48.80484
61614.30530  z_LSST  24.43111  0.86189
61614.30400  z_LSST  25.46944  2.24277
61614.30320  z_LSST  26.60870  6.40455
61614.30270  z_LSST  24.30307  0.76601
61614.30150  z_LSST  24.69396  1.09797
61614.30060  z_LSST  25.27457  1.87428
61614.28960  r_LSST  31.02606  140.49566
61614.28790  r_LSST  28.53594  14.17798
61614.28710  r_LSST  26.04884  1.43475
61614.28660  r_LSST  26.09794  1.50112
61614.28620  r_LSST  25.34153  0.74792
61614.28580  r_LSST  25.63196  0.97729
61614.28540  r_LSST  24.94587  0.51950
61614.28500  r_LSST  26.72204  2.66721
61614.28460  r_LSST  26.61078  2.40742
61614.28370  r_LSST  27.55789  5.75962
61614.28330  r_LSST  26.53805  2.25143
61614.28160  r_LSST  28.36655  12.12997
61614.27860  i_LSST  25.81380  1.75483
61614.27820  i_LSST  25.26322  1.05682
61614.27690  i_LSST  24.87374  0.73826
61614.27610  i_LSST  25.83002  1.78123
61614.27480  i_LSST  26.64111  3.75972
61614.27440  i_LSST  25.71264  1.59871
61614.27360  i_LSST  25.77909  1.69961
61614.27320  i_LSST  25.09146  0.90218
61614.27280  i_LSST  27.05544  5.50666
61614.27230  i_LSST  27.10773  5.77838
61614.27190  i_LSST  24.91364  0.76589
61614.26970  g_LSST  26.54882  1.37195
61614.26930  g_LSST  25.13878  0.37439
61614.26890  g_LSST  28.39856  7.53763
61614.26850  g_LSST  26.23257  1.02527
61614.26760  g_LSST  26.92959  1.94824
61614.26720  g_LSST  26.77359  1.68750
61614.26680  g_LSST  25.20140  0.39661
61611.33200  z_LSST  23.77193  0.71816
61611.33120  z_LSST  24.87693  1.98711
61611.33070  z_LSST  24.96360  2.15223
61611.33030  z_LSST  25.18044  2.62800
61611.32990  z_LSST  29.11315  98.33541
61611.32950  z_LSST  25.23087  2.75293
61611.32820  z_LSST  25.09692  2.43342
61611.32780  z_LSST  25.73144  4.36543
61611.32740  z_LSST  24.64027  1.59793
61611.19970  z_LSST  23.54040  0.58024
61611.19850  z_LSST  27.96243  34.07387
61611.19810  z_LSST  25.78139  4.57093
61611.19760  z_LSST  24.15817  1.02498
61611.19600  z_LSST  24.02148  0.90374
61611.19550  z_LSST  24.56854  1.49577
61611.18410  r_LSST  24.05580  0.58179
61611.18240  r_LSST  28.63200  39.37743
61611.18200  r_LSST  25.27245  1.78412
61611.18160  r_LSST  25.25963  1.76319
61611.17910  r_LSST  24.62370  0.98158
61611.17860  r_LSST  25.23879  1.72966
61611.17780  r_LSST  26.74050  6.89674
61611.17740  r_LSST  27.49833  13.86046
61611.17700  r_LSST  25.89119  3.15443
61611.17480  i_LSST  25.08202  2.02310
61611.17350  i_LSST  24.22794  0.92126
61611.17270  i_LSST  23.54414  0.49076
61611.17230  i_LSST  25.42441  2.77313
61611.17140  i_LSST  24.90092  1.71229
61611.17020  i_LSST  25.80970  3.95447
61611.16940  i_LSST  24.50465  1.18869
61611.16890  i_LSST  25.47207  2.89757
61611.16810  i_LSST  26.04983  4.93332
61611.16510  g_LSST  24.58718  0.82144
61611.16470  g_LSST  28.71131  36.66288
61611.16420  g_LSST  24.34022  0.65432
61611.16260  g_LSST  24.50992  0.76502
61611.16220  g_LSST  25.36527  1.68194
61601.22710  z_LSST  24.90222  3.44792
61601.22670  z_LSST  23.70932  1.14921
61601.22620  z_LSST  23.14808  0.68533
61601.22540  z_LSST  24.31842  2.01390
61601.22460  z_LSST  23.62426  1.06260
61601.22420  z_LSST  24.19730  1.80131
61601.22370  z_LSST  23.44805  0.90342
61601.22330  z_LSST  27.59277  41.09385
61601.22250  z_LSST  24.16689  1.75156
61601.22080  z_LSST  23.16217  0.69428
61601.22040  z_LSST  24.16252  1.74452
61601.22000  z_LSST  24.96555  3.65502
61601.21920  z_LSST  24.56254  2.52165
61601.21870  z_LSST  23.66982  1.10815
61601.20770  r_LSST  23.73942  0.78788
61601.20730  r_LSST  24.77074  2.03698
61601.20680  r_LSST  23.99807  0.99982
61601.20560  r_LSST  24.17219  1.17374
61601.20520  r_LSST  24.17679  1.17871
61601.20480  r_LSST  23.46906  0.61421
61601.20430  r_LSST  24.40104  1.44914
61601.20390  r_LSST  24.01125  1.01203
61601.20270  r_LSST  25.09995  2.75851
61601.20230  r_LSST  23.78441  0.82121
61601.20100  r_LSST  26.75092  12.62009
61601.20060  r_LSST  23.72148  0.77497
61601.19840  i_LSST  23.81450  1.03933
61601.19800  i_LSST  24.50427  1.96184
61601.19670  i_LSST  25.89742  7.07821
61601.19590  i_LSST  23.97526  1.20520
61601.19550  i_LSST  25.40796  4.50961
61601.19510  i_LSST  23.36615  0.68772
61601.19340  i_LSST  24.05941  1.30233
61601.19260  i_LSST  25.21180  3.76421
61601.19170  i_LSST  26.78296  16.00070
61601.19090  i_LSST  24.24609  1.54665
61601.19050  i_LSST  25.39591  4.45986
61601.18620  g_LSST  23.45147  0.95441
61601.18580  g_LSST  25.09981  4.35586
61601.18540  g_LSST  24.05632  1.66601
61601.18490  g_LSST  22.88869  0.56836
61593.28120  z_LSST  25.54295  3.51771
61593.28080  z_LSST  26.17542  6.29866
61593.28040  z_LSST  24.60354  1.48080
61593.28000  z_LSST  25.77014  4.33647
61593.27960  z_LSST  25.24796  2.68080
61593.27910  z_LSST  24.68990  1.60340
61593.27870  z_LSST  27.40559  19.55768
61593.27620  z_LSST  23.09863  0.37028
61593.27540  z_LSST  25.92914  5.02041
61593.27500  z_LSST  25.74486  4.23666
61593.27370  z_LSST  25.51888  3.44061
61593.27330  z_LSST  23.31719  0.45285
61593.27290  z_LSST  25.50643  3.40136
61593.27210  z_LSST  23.53623  0.55408
61593.27160  z_LSST  23.25581  0.42796
61593.26870  u_LSST  24.31970  0.76854
61593.26760  u_LSST  25.05999  1.51980
61593.26720  u_LSST  24.37357  0.80763
61593.26540  r_LSST  25.21855  1.03641
61593.26500  r_LSST  24.89008  0.76585
61593.26330  r_LSST  25.79676  1.76529
61593.26290  r_LSST  25.96359  2.05849
61593.26170  r_LSST  24.89127  0.76669
61593.26080  r_LSST  26.58342  3.64318
61593.26000  r_LSST  25.15099  0.97389
61593.25920  r_LSST  24.50696  0.53814
61593.25880  r_LSST  26.69385  4.03322
61593.25830  r_LSST  25.99555  2.11999
61593.25790  r_LSST  26.17452  2.49988
61593.25530  i_LSST  24.74826  1.35090
61593.25450  i_LSST  24.44418  1.02091
61593.25240  i_LSST  25.74774  3.39166
61593.25160  i_LSST  24.27629  0.87465
61593.25070  i_LSST  24.08730  0.73492
61593.24950  i_LSST  26.00190  4.28623
61593.24910  i_LSST  24.06451  0.71965
61593.24860  i_LSST  25.97604  4.18535
61593.24820  i_LSST  25.45342  2.58635
61593.24780  i_LSST  24.49992  1.07470
61593.24520  g_LSST  26.18976  2.29036
61593.24390  g_LSST  26.23088  2.37877
61593.24310  g_LSST  26.45363  2.92048
61593.24270  g_LSST  26.36752  2.69779
61585.29690  z_LSST  25.24111  2.56741
61585.29480  z_LSST  25.26853  2.63307
61585.29230  z_LSST  23.91102  0.75415
61585.29110  z_LSST  25.00233  2.06053
61585.29070  z_LSST  23.67930  0.60921
61585.28900  z_LSST  24.61601  1.44362
61585.28860  z_LSST  24.79154  1.69693
61585.28560  u_LSST  25.74157  2.89313
61585.28480  u_LSST  24.03987  0.60352
61585.28440  u_LSST  25.25667  1.85100
61585.28370  u_LSST  24.27984  0.75280
61585.28330  u_LSST  23.89312  0.52721
61585.28030  r_LSST  26.14760  2.46032
61585.27990  r_LSST  28.37707  19.17699
61585.27950  r_LSST  26.21396  2.61539
61585.27900  r_LSST  24.57709  0.57915
61585.27860  r_LSST  24.66392  0.62736
61585.27780  r_LSST  25.47042  1.31862
61585.27490  r_LSST  26.08385  2.32001
61585.27450  r_LSST  24.85695  0.74943
61585.27400  r_LSST  25.56307  1.43608
61585.27360  r_LSST  29.02142  34.71531
61585.27320  r_LSST  25.15402  0.98528
61585.27140  i_LSST  25.94609  3.38763
61585.27060  i_LSST  24.56855  0.95253
61585.26980  i_LSST  25.15335  1.63229
61585.26930  i_LSST  24.09032  0.61318
61585.26850  i_LSST  25.71958  2.74973
61585.26730  i_LSST  25.86847  3.15389
61585.26640  i_LSST  24.54154  0.92913
61585.26600  i_LSST  25.21804  1.73251
61585.26560  i_LSST  28.62274  39.86168
61585.26350  i_LSST  25.83297  3.05244
61584.42850  g_LSST  26.59746  2.30984
61584.42730  g_LSST  25.48893  0.83209
61584.42640  g_LSST  27.09313  3.64629
61584.42600  g_LSST  27.89152  7.60692
61584.42520  g_LSST  24.96347  0.51285
61584.38390  g_LSST  25.54797  0.87859
61581.28040  z_LSST  24.10629  0.91934
61581.28000  z_LSST  26.23113  6.50745
61581.27920  z_LSST  27.03436  13.63648
61581.27880  z_LSST  27.62783  23.55535
61581.27830  z_LSST  24.38437  1.18769
61581.27710  z_LSST  26.41169  7.68483
61581.27670  z_LSST  25.57201  3.54620
61581.27580  z_LSST  23.17253  0.38902
61581.27420  z_LSST  29.05585  87.76074
61581.27330  z_LSST  24.42683  1.23507
61581.27290  z_LSST  24.64283  1.50692
61581.27170  z_LSST  25.49077  3.29055
61581.27130  z_LSST  23.94128  0.78971
61581.27080  z_LSST  24.36984  1.17191
61581.25940  r_LSST  26.73486  8.42941
61581.25890  r_LSST  25.49301  2.68571
61581.25770  r_LSST  24.68211  1.27262
61581.25730  r_LSST  25.83629  3.68441
61581.25560  r_LSST  24.51188  1.08794
61581.25520  r_LSST  26.21564  5.22528
61581.25480  r_LSST  26.61753  7.56600
61581.25390  r_LSST  24.13834  0.77124
61581.25270  r_LSST  24.73007  1.33008
61581.25230  r_LSST  27.79118  22.30112
61581.25050  i_LSST  25.93696  4.90241
61581.24970  i_LSST  24.88076  1.85323
61581.24920  i_LSST  23.55907  0.54859
61581.24880  i_LSST  26.04554  5.41802
61581.24840  i_LSST  26.04780  5.42933
61581.24800  i_LSST  24.28579  1.07137
61581.24760  i_LSST  25.50164  3.28307
61581.24720  i_LSST  23.60467  0.57213
61581.24550  i_LSST  25.43909  3.09928
61581.24470  i_LSST  24.90973  1.90334
61581.24080  g_LSST  25.30487  2.64066
61581.24000  g_LSST  26.98208  12.37647
61581.23950  g_LSST  25.94789  4.77445
61581.23750  g_LSST  23.13812  0.35893
61561.43930  z_LSST  23.76533  0.74546
