# ================================
# SNID: 104361
# RA: 25.43660545349121
# DEC: -18.842609405517578
# ================================
NVAR: 4
VARNAMES: MJD FLT MAG MAGERR
61832.01580  i_LSST  26.31275  10.00585
61785.04240  i_LSST  27.43820  5.57696
61778.10220  i_LSST  25.23033  1.01827
61778.07840  r_LSST  25.94095  1.58010
61769.10150  r_LSST  25.75867  0.77875
61769.07810  u_LSST  26.41581  1.92812
61767.05920  z_LSST  25.31433  1.42234
61765.09940  r_LSST  27.18346  4.57869
61765.07470  u_LSST  25.04297  0.89260
61747.12820  z_LSST  26.37926  5.49259
61747.10330  i_LSST  25.07378  0.86008
61747.10290  i_LSST  26.40445  2.92959
61742.10930  i_LSST  26.77547  2.90681
61741.03700  z_LSST  25.76461  2.52451
61741.02370  i_LSST  25.85989  2.47154
61740.14630  u_LSST  24.75103  0.49525
61736.13600  u_LSST  24.61663  0.42540
61735.19880  r_LSST  28.08492  6.06979
61735.07280  r_LSST  27.75881  4.49501
61735.04990  u_LSST  26.39338  1.93088
61734.06740  r_LSST  25.85115  1.13135
61734.04320  g_LSST  27.08639  1.52190
61726.19420  z_LSST  23.33346  0.36167
61726.17010  i_LSST  24.99232  1.02831
61722.17790  z_LSST  26.47380  5.36178
61717.10160  z_LSST  24.70185  0.74599
61717.07740  i_LSST  24.68174  0.50420
61716.09110  i_LSST  25.75696  1.27854
61715.18360  z_LSST  27.02759  7.98214
61714.10630  i_LSST  26.62478  2.24906
61711.11500  r_LSST  25.84522  0.84760
61709.27600  r_LSST  24.70014  0.36654
61709.25290  u_LSST  24.49605  0.38837
61708.08700  i_LSST  25.56709  1.00634
61706.20730  u_LSST  24.20860  0.42141
61704.11070  g_LSST  25.78517  0.77793
61704.02760  r_LSST  24.79102  0.59304
61702.14320  r_LSST  25.27727  0.69603
61702.11850  g_LSST  27.80085  5.21431
61701.28550  z_LSST  24.54095  1.12915
61701.26050  i_LSST  26.84767  5.64002
61698.30210  i_LSST  25.50184  1.20317
61698.27820  r_LSST  25.83066  1.16619
61697.13880  r_LSST  25.08575  0.90909
61695.24080  z_LSST  23.98773  0.61212
61694.23830  z_LSST  25.40426  2.21662
61694.23780  z_LSST  25.02597  1.56450
61691.24800  z_LSST  26.26878  4.13905
61688.33790  z_LSST  26.54899  5.45085
61688.31400  i_LSST  25.33908  0.98446
61682.20290  r_LSST  26.85484  1.85381
61681.31860  r_LSST  26.98302  2.26831
61680.30760  z_LSST  25.12081  1.20269
61678.32250  i_LSST  24.91349  0.44928
61673.36650  g_LSST  26.25767  0.73665
61672.35990  r_LSST  27.35167  3.86213
61671.33910  r_LSST  26.46460  2.54705
61671.31480  g_LSST  26.79752  2.34110
61668.37550  i_LSST  25.28469  1.36113
61668.37500  i_LSST  25.51497  1.68272
61668.35160  z_LSST  23.28893  0.30716
61668.35120  z_LSST  25.03188  1.52948
61667.33990  z_LSST  24.47810  0.94223
61660.37080  z_LSST  25.80106  2.34329
61655.30240  r_LSST  27.66442  3.03740
61653.28240  i_LSST  24.15345  0.30051
61653.28150  i_LSST  25.34810  0.90308
61652.39440  r_LSST  26.00822  1.47117
61650.26510  r_LSST  25.51773  0.60783
61650.24370  g_LSST  27.49359  2.09866
61648.33110  g_LSST  26.04192  0.53657
61645.32080  i_LSST  24.43323  0.30183
61644.30600  r_LSST  25.42879  0.72818
61644.28150  i_LSST  24.00275  0.26811
61642.39300  r_LSST  24.49870  0.53915
61641.40930  z_LSST  24.33963  0.70879
61640.29160  i_LSST  26.11095  3.03412
61640.26700  r_LSST  24.30248  0.59561
61635.40540  z_LSST  25.07750  1.88472
61633.29720  z_LSST  23.60496  0.50436
61631.29270  z_LSST  23.23181  0.23516
61631.26880  i_LSST  23.54106  0.21006
61621.42990  z_LSST  23.70792  0.42214
61621.42890  z_LSST  23.40890  0.32051
61621.33550  r_LSST  23.52388  0.13578
61621.33510  r_LSST  23.64683  0.15206
61621.32660  r_LSST  23.52256  0.13562
61621.32480  r_LSST  23.62928  0.14963
61618.43830  r_LSST  23.43664  0.17008
61618.42870  r_LSST  23.79412  0.23640
61468.00960  i_LSST  24.28128  1.69813
61464.01610  i_LSST  22.22839  0.37808
61464.01300  i_LSST  23.05410  0.80884
61419.08980  i_LSST  24.57037  0.65334
61387.13170  r_LSST  26.56085  1.98886
61387.10760  g_LSST  27.47380  3.02280
61386.12060  z_LSST  24.80314  0.91161
61386.10130  i_LSST  25.51629  0.90204
61383.12910  i_LSST  25.62580  0.98656
61383.10360  r_LSST  27.25232  3.04244
61381.10470  z_LSST  24.78971  0.88543
61370.19240  r_LSST  24.67108  0.46700
61369.13450  i_LSST  25.74105  1.88287
61368.16340  i_LSST  26.42872  3.58372
61368.13930  r_LSST  29.38162  52.60589
61364.15990  i_LSST  26.22770  2.89587
61364.13430  r_LSST  27.60569  9.04973
61346.20230  g_LSST  28.23322  4.69693
61342.14350  z_LSST  25.46194  1.72185
61334.13800  i_LSST  25.31399  0.87976
61313.27310  i_LSST  26.09983  2.40554
61294.23490  z_LSST  24.03813  0.54623
61289.36990  g_LSST  26.44486  1.13321
61287.35820  r_LSST  27.15294  3.55927
61274.31520  r_LSST  25.70412  0.91510
61273.29850  z_LSST  26.43959  4.73817
61266.33220  z_LSST  26.33091  3.99270
61266.30770  i_LSST  25.10145  0.81365
61262.43190  r_LSST  27.05926  4.24509
61237.42400  i_LSST  25.43681  1.44968
61172.42350  z_LSST  22.62378  0.49811
61100.01760  z_LSST  24.58041  3.23043
61100.01450  z_LSST  25.09854  5.20609
61043.07650  z_LSST  25.62234  4.04292
61043.06980  z_LSST  23.53658  0.59210
61033.08120  r_LSST  26.28727  1.06942
61020.10660  i_LSST  25.71784  1.14759
61020.10610  i_LSST  27.49469  5.89556
61012.16930  z_LSST  24.42660  0.91862
60993.04850  u_LSST  26.16091  2.27960
60976.21780  r_LSST  26.33775  1.41273
60969.10620  u_LSST  25.65875  1.57540
60969.10580  u_LSST  27.53912  8.90301
60962.14910  g_LSST  26.96418  1.82660
60959.12040  g_LSST  26.28258  1.08272
60957.17700  z_LSST  24.98560  1.27601
60957.17650  z_LSST  26.26718  4.15418
60948.31050  g_LSST  25.91950  0.96287
60948.30730  g_LSST  25.85202  0.90485
60936.33590  r_LSST  26.02230  0.96277
60931.38640  i_LSST  25.00599  1.05979
60921.34370  r_LSST  27.94151  4.45656
60921.31280  i_LSST  25.75916  1.28711
60907.40210  i_LSST  25.46378  1.54893
60904.38720  z_LSST  25.67954  1.97535
60903.41690  z_LSST  23.33637  0.41608
