# ================================
# SNID: 104443
# RA: 286.32525634765625
# DEC: -69.12420654296875
# ================================
NVAR: 4
VARNAMES: MJD FLT MAG MAGERR
61891.25770  i_LSST  19.72893  0.00678
61888.26590  r_LSST  19.59307  0.00363
61888.24180  g_LSST  19.53672  0.00293
61879.36350  z_LSST  19.69802  0.01406
61879.33930  i_LSST  19.75379  0.01093
61876.39160  z_LSST  19.72999  0.01700
61867.41160  z_LSST  19.83434  0.01100
61867.40190  i_LSST  19.68960  0.00540
61860.37540  g_LSST  19.48668  0.00272
61860.35190  u_LSST  18.88423  0.00341
61859.37590  i_LSST  19.67260  0.00728
61859.36680  i_LSST  19.65927  0.00720
61859.36450  r_LSST  19.55992  0.00341
61859.35550  r_LSST  19.56506  0.00342
61859.35360  r_LSST  19.56231  0.00341
61859.32940  g_LSST  19.49484  0.00248
61856.39160  r_LSST  19.52510  0.00392
61844.37230  z_LSST  19.67018  0.01253
61838.40280  r_LSST  19.58680  0.00315
61825.39110  z_LSST  19.70815  0.01505
61813.37030  z_LSST  19.70093  0.01391
61705.05040  r_LSST  19.48516  0.00323
61705.02770  u_LSST  18.86841  0.00243
61698.01110  z_LSST  19.69201  0.01048
61697.99960  i_LSST  19.64982  0.00822
61694.11660  z_LSST  19.67105  0.01515
61688.00740  z_LSST  19.60958  0.00970
61688.00700  z_LSST  19.60345  0.00965
61683.04160  i_LSST  19.63431  0.00546
61683.01710  r_LSST  19.53884  0.00273
61682.09120  r_LSST  19.55047  0.00305
61682.06700  g_LSST  19.52866  0.00211
61679.06800  i_LSST  19.64386  0.00581
61675.11460  g_LSST  19.50533  0.00171
61674.03990  r_LSST  19.59758  0.00464
61674.01640  u_LSST  18.95335  0.00257
61670.03600  r_LSST  19.59246  0.00301
61670.03550  r_LSST  19.59094  0.00301
61670.01180  g_LSST  19.49755  0.00187
61670.01130  g_LSST  19.49900  0.00188
61660.13180  z_LSST  19.49093  0.01222
61660.10780  i_LSST  19.64232  0.00956
61656.98100  z_LSST  19.51125  0.01314
61656.98050  z_LSST  19.50158  0.01303
61656.06950  z_LSST  19.54010  0.01040
61656.04520  i_LSST  19.61124  0.00666
61653.15220  i_LSST  19.61912  0.00568
61653.12790  r_LSST  19.54018  0.00253
61652.14610  i_LSST  19.61920  0.00807
61651.05860  r_LSST  19.53311  0.00278
61650.03060  r_LSST  19.54640  0.00311
61650.00720  u_LSST  18.96235  0.00333
61648.19230  r_LSST  19.55233  0.00434
61648.16880  u_LSST  18.99646  0.00319
61647.07680  r_LSST  19.56128  0.00375
61647.05260  g_LSST  19.61510  0.00233
61645.02770  r_LSST  19.55819  0.00269
61645.02720  r_LSST  19.56715  0.00271
61645.00290  i_LSST  19.60696  0.00466
61645.00250  i_LSST  19.59947  0.00463
61644.05510  u_LSST  18.98388  0.00286
61643.16510  z_LSST  19.57316  0.01238
61643.14080  i_LSST  19.61478  0.00559
61640.21780  i_LSST  19.59367  0.00957
61640.19380  r_LSST  19.54118  0.00617
61639.20600  i_LSST  19.61933  0.00903
61639.18160  z_LSST  19.61589  0.01339
61639.02230  i_LSST  19.60554  0.00892
61638.99780  r_LSST  19.57572  0.00484
61636.10630  z_LSST  19.64642  0.01160
61621.11390  r_LSST  19.49117  0.00374
61621.08980  u_LSST  18.99017  0.00337
61620.25710  r_LSST  19.48078  0.00910
61620.23380  u_LSST  18.95004  0.01047
61618.02340  r_LSST  19.43707  0.00401
61617.99890  i_LSST  19.59915  0.00918
61614.16910  r_LSST  19.48500  0.00291
61614.15580  r_LSST  19.48172  0.00290
61614.14480  g_LSST  19.61492  0.00267
61614.13150  g_LSST  19.61746  0.00268
61613.01910  i_LSST  19.62901  0.00695
61612.99500  r_LSST  19.49296  0.00586
61603.99740  r_LSST  19.48568  0.01907
61603.17890  z_LSST  19.51892  0.01513
61597.03770  z_LSST  19.52153  0.01621
61596.96090  z_LSST  19.51869  0.01617
61596.21400  i_LSST  19.59266  0.00811
61596.01580  i_LSST  19.61412  0.00827
61595.99190  z_LSST  19.53436  0.01433
61595.01570  i_LSST  19.58570  0.00862
61594.99180  z_LSST  19.52742  0.01815
61594.12740  i_LSST  19.57081  0.01183
61593.23920  r_LSST  19.52934  0.00565
61593.21500  g_LSST  19.59092  0.00439
61593.09820  r_LSST  19.50540  0.00553
61593.07500  u_LSST  18.90331  0.00479
61590.05430  z_LSST  19.51119  0.01412
61590.03030  i_LSST  19.54933  0.00678
61581.35230  z_LSST  19.47063  0.01507
61581.32800  i_LSST  19.50331  0.01262
61560.13890  z_LSST  19.58257  0.01466
61560.13850  z_LSST  19.54888  0.01345
61560.11450  i_LSST  19.42629  0.00784
61560.11400  i_LSST  19.42445  0.00782
61559.42290  z_LSST  19.59207  0.01385
61559.41150  i_LSST  19.42962  0.00786
61558.29780  i_LSST  19.41179  0.00518
61558.27370  r_LSST  19.52243  0.00430
61558.26040  r_LSST  19.52915  0.00432
61558.23700  u_LSST  18.94637  0.00434
61556.23310  r_LSST  19.54962  0.00766
61555.32490  i_LSST  19.41495  0.00642
61555.30080  r_LSST  19.54693  0.00470
61553.27770  i_LSST  19.43898  0.00481
61553.25270  r_LSST  19.53821  0.00426
61551.35840  z_LSST  19.53214  0.01478
61549.29730  z_LSST  19.59718  0.01355
61547.34890  z_LSST  19.56688  0.01306
61545.32810  z_LSST  19.50523  0.02412
61541.36470  i_LSST  19.50805  0.00360
61541.34060  r_LSST  19.53877  0.00253
61538.42560  z_LSST  19.54054  0.01356
61538.42180  z_LSST  19.54581  0.01362
61538.32690  r_LSST  19.54387  0.00304
61538.30360  g_LSST  19.45781  0.00167
61538.30270  g_LSST  19.45538  0.00167
61537.37340  r_LSST  19.53959  0.00305
61537.37290  r_LSST  19.54423  0.00306
61537.34910  g_LSST  19.45062  0.00181
61537.34860  g_LSST  19.45564  0.00182
61526.31040  r_LSST  19.65184  0.00557
61526.30990  r_LSST  19.64064  0.00551
61526.28610  g_LSST  19.49224  0.00417
61526.28560  g_LSST  19.48889  0.00416
61525.39750  i_LSST  19.49344  0.01181
61525.37320  r_LSST  19.64132  0.00565
61524.39200  r_LSST  19.63645  0.00831
61524.27140  r_LSST  19.64562  0.00838
61524.24730  g_LSST  19.51257  0.00588
61523.40200  z_LSST  19.49634  0.00670
61523.37760  i_LSST  19.49260  0.00482
61522.41580  z_LSST  19.50594  0.01042
61522.40440  i_LSST  19.47981  0.00705
61514.33610  i_LSST  19.51851  0.00565
61514.31200  r_LSST  19.63009  0.00554
61509.39650  z_LSST  19.52907  0.00736
61496.38850  r_LSST  19.68578  0.00313
61490.36910  z_LSST  19.56949  0.01600
61490.34480  i_LSST  19.57820  0.01124
61484.39490  r_LSST  19.70878  0.00346
61326.03260  g_LSST  19.34368  0.00485
61315.04010  i_LSST  19.46065  0.00576
61315.03970  i_LSST  19.45852  0.00575
61315.01570  r_LSST  19.66470  0.00382
61315.01530  r_LSST  19.65153  0.00377
61304.04930  z_LSST  19.64044  0.01207
61294.99420  z_LSST  19.63147  0.01018
61294.98310  i_LSST  19.46747  0.00605
61293.02700  r_LSST  19.80650  0.00426
61293.00290  g_LSST  19.34174  0.00220
61291.99140  r_LSST  19.80971  0.00370
61287.98880  r_LSST  19.78150  0.00384
61281.11870  i_LSST  19.49180  0.00586
61281.09450  r_LSST  19.77069  0.00770
61280.20000  z_LSST  19.54849  0.01206
61276.06030  z_LSST  19.51541  0.00935
61276.03570  i_LSST  19.42041  0.00706
61274.05700  i_LSST  19.41818  0.00476
61272.08380  z_LSST  19.48748  0.01050
61268.11550  r_LSST  19.74784  0.00373
61268.09120  i_LSST  19.46110  0.00383
61239.26900  i_LSST  19.48766  0.00930
61239.24420  r_LSST  19.68367  0.00551
61234.24910  r_LSST  19.72344  0.00541
61234.22480  g_LSST  19.20923  0.00207
61233.17570  g_LSST  19.22860  0.00238
61231.27940  r_LSST  19.72954  0.00739
61231.25490  g_LSST  19.23507  0.00380
61226.35390  z_LSST  19.55859  0.01323
61226.32950  i_LSST  19.44383  0.00644
61226.14550  i_LSST  19.46208  0.00655
61226.12140  r_LSST  19.67900  0.00595
61225.05160  i_LSST  19.43409  0.00744
61225.02740  r_LSST  19.70582  0.00654
61224.25650  z_LSST  19.56449  0.01408
61224.23220  i_LSST  19.43675  0.00842
61215.16020  z_LSST  19.49741  0.00993
61213.14130  z_LSST  19.51533  0.01424
61212.07600  i_LSST  19.45943  0.00759
61212.01020  i_LSST  19.47281  0.00769
61211.98630  r_LSST  19.66900  0.00872
61210.18620  i_LSST  19.45659  0.00520
61210.16210  r_LSST  19.67495  0.00373
61198.32600  i_LSST  19.55207  0.00622
61194.29530  z_LSST  19.51892  0.01001
61183.35690  z_LSST  19.54040  0.01292
61183.13210  z_LSST  19.52069  0.01269
61175.26060  i_LSST  19.62889  0.00723
61175.23640  r_LSST  19.67934  0.00460
61174.23130  r_LSST  19.68712  0.00453
61174.20720  g_LSST  19.26001  0.00365
61173.27110  z_LSST  19.52436  0.00916
61173.24690  i_LSST  19.63263  0.00681
61162.36560  i_LSST  19.63874  0.00998
61162.34090  r_LSST  19.76539  0.01055
61160.25890  z_LSST  19.58729  0.01951
61160.23470  i_LSST  19.64624  0.01352
61156.36670  z_LSST  19.64631  0.00973
61155.42480  r_LSST  19.78567  0.00606
61140.40080  r_LSST  19.81074  0.00501
61129.41100  r_LSST  19.75527  0.00496
60979.05580  i_LSST  19.71819  0.00644
60979.03170  r_LSST  19.52693  0.00436
60949.01090  z_LSST  19.26922  0.01027
60948.08500  z_LSST  19.27587  0.00936
60948.06040  i_LSST  19.72960  0.00805
60933.08300  z_LSST  19.31283  0.01132
60933.08250  z_LSST  19.29250  0.01111
60933.05870  i_LSST  19.67925  0.00818
60933.05830  i_LSST  19.67732  0.00816
60931.08310  i_LSST  19.68634  0.00672
60931.05840  r_LSST  19.61095  0.00421
60922.18470  z_LSST  19.33092  0.01326
60917.07930  z_LSST  19.34902  0.00761
60915.10390  i_LSST  19.67303  0.00485
60913.14640  i_LSST  19.64884  0.00765
60910.15430  i_LSST  19.68591  0.00797
60910.12950  r_LSST  19.63727  0.00407
60908.06440  z_LSST  19.48231  0.01063
60908.04010  i_LSST  19.68743  0.00880
60904.05650  z_LSST  19.47745  0.00931
60904.03220  i_LSST  19.65479  0.00637
60900.18470  i_LSST  19.67143  0.00961
60884.00170  z_LSST  19.60387  0.01691
60883.19680  i_LSST  19.66364  0.00750
60883.17220  z_LSST  19.56053  0.01171
60877.35510  r_LSST  19.61713  0.00645
60877.33300  u_LSST  19.61190  0.00896
60876.17820  r_LSST  19.60686  0.00450
60876.01990  r_LSST  19.61010  0.00451
60875.99590  g_LSST  19.47877  0.00315
60875.14780  z_LSST  19.57796  0.00869
60875.12350  i_LSST  19.73774  0.00592
60872.07020  r_LSST  19.62045  0.00596
60872.00620  r_LSST  19.62731  0.00600
60871.98200  g_LSST  19.47566  0.00506
60856.15630  r_LSST  19.56458  0.00326
60856.00510  r_LSST  19.57229  0.00329
60855.98080  g_LSST  19.44179  0.00318
60853.36120  g_LSST  19.42514  0.00256
60853.33820  u_LSST  19.64275  0.00628
60852.11240  i_LSST  19.49301  0.00654
60852.11100  i_LSST  19.50223  0.00660
60852.00540  i_LSST  19.48478  0.00649
60852.00400  i_LSST  19.48957  0.00652
60851.98120  z_LSST  19.49347  0.01681
60851.97980  z_LSST  19.48377  0.01666
60848.37880  u_LSST  19.66761  0.00982
60848.35530  g_LSST  19.38844  0.00244
60846.39920  r_LSST  19.59016  0.00638
60846.37640  u_LSST  19.67105  0.00800
60845.29920  r_LSST  19.59272  0.00428
60844.15380  z_LSST  19.55968  0.01071
60844.00320  z_LSST  19.58511  0.01096
60843.97820  i_LSST  19.45147  0.00791
60833.38940  z_LSST  19.53914  0.01058
60833.36540  i_LSST  19.37051  0.00528
60807.35460  z_LSST  19.63126  0.00970
60807.32960  i_LSST  19.46800  0.00764
