# ================================
# SNID: 104585
# RA: 8.008740425109863
# DEC: -14.488374710083008
# ================================
NVAR: 4
VARNAMES: MJD FLT MAG MAGERR
61892.42630  r_LSST  20.03452  0.01951
61892.42320  r_LSST  20.04613  0.01972
61892.42010  r_LSST  20.05935  0.01996
61892.41700  r_LSST  20.04352  0.01967
61812.03350  z_LSST  20.04807  0.05960
61812.03040  z_LSST  20.01049  0.05757
61812.02730  z_LSST  20.08169  0.06147
61812.02420  z_LSST  20.05039  0.05972
61742.07350  i_LSST  20.14526  0.01086
61742.04940  z_LSST  20.15976  0.02496
61726.11090  r_LSST  19.96718  0.00683
61726.08680  g_LSST  20.00593  0.00699
61717.06410  i_LSST  20.19995  0.01183
61717.03960  r_LSST  19.96617  0.00870
61709.19000  r_LSST  19.98517  0.00380
61709.16670  u_LSST  19.64706  0.00404
61704.18070  i_LSST  20.24205  0.00784
61704.15670  r_LSST  19.96646  0.00385
61696.20490  r_LSST  19.99401  0.00936
61696.18090  g_LSST  19.98785  0.00686
61694.22050  z_LSST  20.18448  0.01592
61694.19600  i_LSST  20.23246  0.01611
61676.26450  r_LSST  19.99364  0.00308
61676.24420  g_LSST  20.03354  0.00271
61673.25680  i_LSST  20.21665  0.00506
61656.33610  z_LSST  20.23797  0.01630
61649.24010  z_LSST  20.21796  0.01194
61649.21600  i_LSST  20.19200  0.00810
61648.38860  g_LSST  19.93755  0.00281
61648.36440  r_LSST  19.94712  0.00434
61647.29140  i_LSST  20.19759  0.00593
61647.29080  i_LSST  20.19944  0.00594
61647.26700  z_LSST  20.21522  0.01437
61647.26650  z_LSST  20.20569  0.01425
61643.33670  z_LSST  20.21031  0.01298
61619.41080  i_LSST  20.22789  0.01266
61619.38630  r_LSST  19.95533  0.00660
61558.42410  i_LSST  20.21134  0.01157
61558.41230  r_LSST  19.99125  0.00495
61444.03560  z_LSST  20.15533  0.11288
61444.03250  z_LSST  20.26923  0.12536
61444.02950  z_LSST  20.07252  0.10459
61444.02640  z_LSST  20.17740  0.11519
61401.03750  z_LSST  20.10304  0.02145
61385.09250  r_LSST  20.00329  0.00434
61385.06840  g_LSST  19.99819  0.00337
61382.05010  z_LSST  20.13452  0.01875
61382.03700  i_LSST  19.94749  0.01005
61379.08830  r_LSST  19.98566  0.00538
61379.06400  g_LSST  20.01528  0.00520
61377.03560  z_LSST  20.15913  0.01125
61377.02240  i_LSST  19.93591  0.00743
61374.02300  z_LSST  20.14137  0.02763
61369.11220  i_LSST  19.91263  0.00967
61369.08740  r_LSST  19.97108  0.00946
61347.15060  r_LSST  19.95868  0.00433
61347.12660  g_LSST  20.04160  0.00239
61343.10270  i_LSST  19.94538  0.00821
61341.10780  z_LSST  20.11561  0.01721
61340.14490  z_LSST  20.11263  0.02475
61328.24080  z_LSST  20.09256  0.01409
61328.21680  i_LSST  19.96819  0.00633
61303.20140  r_LSST  20.05010  0.00457
61303.17740  i_LSST  19.94295  0.00579
61302.28840  r_LSST  20.04488  0.00354
61302.26450  g_LSST  20.09267  0.00257
61300.29300  z_LSST  20.01798  0.01008
61300.26860  i_LSST  19.94713  0.00562
61299.31330  r_LSST  20.02094  0.00807
61299.28920  g_LSST  20.08207  0.00544
61295.21810  z_LSST  20.02831  0.01370
61295.19370  i_LSST  19.93030  0.00541
61293.24780  i_LSST  19.93448  0.00684
61293.24730  i_LSST  19.92981  0.00681
61293.22350  z_LSST  20.05061  0.00998
61293.22310  z_LSST  20.04090  0.00990
61292.23460  r_LSST  20.02791  0.00466
61289.24800  r_LSST  20.03015  0.00399
61289.24710  r_LSST  20.03093  0.00399
61289.22380  g_LSST  20.04816  0.00337
61289.22290  g_LSST  20.05200  0.00338
61287.19890  i_LSST  19.93604  0.00621
61287.17510  r_LSST  20.07573  0.00562
61284.37000  z_LSST  20.07162  0.01961
61273.25240  i_LSST  19.96276  0.00730
61273.22850  r_LSST  20.11138  0.00540
61266.33810  z_LSST  20.08795  0.01199
61266.31320  i_LSST  19.99367  0.00586
61248.39020  z_LSST  20.09719  0.01185
61248.36560  i_LSST  20.01005  0.00801
61239.38440  r_LSST  20.16694  0.00993
61237.36620  r_LSST  20.18591  0.01182
61237.34230  g_LSST  19.93946  0.00407
61233.36520  z_LSST  20.18321  0.01842
61233.34110  i_LSST  19.96120  0.01011
61232.39310  i_LSST  19.97749  0.00553
61232.36910  r_LSST  20.17934  0.00809
61231.36230  z_LSST  20.15707  0.01666
61231.33830  i_LSST  19.96733  0.00860
61223.39920  i_LSST  19.97515  0.00882
61216.40200  i_LSST  19.95851  0.01325
61195.38560  z_LSST  20.12815  0.02548
61192.40370  z_LSST  20.08730  0.02528
61160.42590  r_LSST  20.25177  0.03866
61160.42280  r_LSST  20.29253  0.04014
61160.41970  r_LSST  20.19831  0.03680
61160.41660  r_LSST  20.18658  0.03641
61080.03150  i_LSST  20.08596  0.05613
61080.02840  i_LSST  20.08979  0.05633
61080.02530  i_LSST  20.05691  0.05465
61025.07740  r_LSST  20.28807  0.00422
61006.09390  z_LSST  20.12139  0.01435
61005.04240  z_LSST  20.12120  0.01569
61005.02910  i_LSST  20.08536  0.01014
60999.04270  z_LSST  20.05508  0.01541
60994.02660  z_LSST  20.12958  0.01457
60994.01380  i_LSST  20.10124  0.00965
60978.17530  i_LSST  20.09901  0.00842
60969.21740  u_LSST  19.93473  0.00817
60969.21570  u_LSST  19.92039  0.00806
60969.19390  r_LSST  20.35444  0.00603
60969.19210  r_LSST  20.36531  0.00609
60966.14640  u_LSST  19.94283  0.00458
60966.12400  r_LSST  20.36462  0.00637
60965.14460  g_LSST  19.96585  0.00317
60965.12040  u_LSST  19.92554  0.00617
60964.21110  r_LSST  20.35420  0.00671
60959.16990  g_LSST  19.98143  0.00448
60959.14490  r_LSST  20.34094  0.00712
60958.21250  i_LSST  20.09459  0.00900
60958.18860  r_LSST  20.36735  0.01098
60957.20450  i_LSST  20.06304  0.01297
60957.18000  z_LSST  20.06109  0.01314
60951.16530  z_LSST  20.05855  0.01848
60938.20190  z_LSST  20.10997  0.01246
60938.17790  i_LSST  20.15723  0.00658
60933.20290  r_LSST  20.32585  0.00858
60933.20150  r_LSST  20.32421  0.00857
60933.17870  g_LSST  20.02146  0.00459
60933.17730  g_LSST  20.02855  0.00462
60932.12600  r_LSST  20.34849  0.00841
60932.10220  g_LSST  20.00416  0.00468
60931.16950  g_LSST  20.00970  0.00401
60931.14570  r_LSST  20.31696  0.00650
60924.31300  z_LSST  20.11460  0.01564
60924.28840  i_LSST  20.13549  0.01299
60923.22290  z_LSST  20.12061  0.01315
60923.22250  z_LSST  20.14350  0.01343
60917.24120  i_LSST  20.16425  0.00757
60917.21590  r_LSST  20.29294  0.00622
60912.36210  i_LSST  20.12600  0.00735
60912.33810  z_LSST  20.13208  0.01246
60910.29660  i_LSST  20.14290  0.00883
60910.27260  r_LSST  20.29396  0.00656
60908.36330  r_LSST  20.29142  0.00567
60908.33830  i_LSST  20.14961  0.00721
60907.39660  i_LSST  20.16087  0.01160
60907.38530  z_LSST  20.15320  0.01953
60906.37890  i_LSST  20.15479  0.01015
60906.35500  r_LSST  20.29272  0.00533
60904.31970  r_LSST  20.28271  0.00832
60903.37390  z_LSST  20.13467  0.01386
60886.35140  z_LSST  20.08704  0.01233
60875.44330  z_LSST  20.17128  0.02542
60875.44290  z_LSST  20.12614  0.02439
