# ================================
# SNID: 104905
# RA: 191.33193969726562
# DEC: -34.471778869628906
# ================================
NVAR: 4
VARNAMES: MJD FLT MAG MAGERR
61876.31070  i_LSST  23.96495  0.60682
61849.20930  i_LSST  27.88299  8.03357
61849.20820  i_LSST  26.45927  2.16481
61834.36670  r_LSST  26.25645  1.13828
61834.34220  g_LSST  27.92885  3.02256
61828.25390  r_LSST  26.26887  0.94580
61828.22960  g_LSST  26.00796  0.59163
61820.37030  r_LSST  29.20535  16.99608
61728.34980  r_LSST  23.75331  0.67102
61583.09540  z_LSST  24.83691  1.25489
61581.04560  i_LSST  24.86259  0.70323
61579.04820  r_LSST  26.67146  2.52346
61579.02380  g_LSST  25.38112  0.45267
61561.10140  i_LSST  24.79241  1.63067
61559.12360  z_LSST  25.63569  2.54683
61559.09930  i_LSST  25.38996  1.17731
61553.18380  i_LSST  26.44865  3.38867
61553.15970  r_LSST  26.33511  1.18910
61551.13880  r_LSST  29.48363  32.91398
61551.11450  g_LSST  25.65638  0.83670
61548.16910  z_LSST  24.37749  0.85852
61548.14490  i_LSST  24.76431  0.73456
61547.19710  z_LSST  24.50449  1.19284
61530.06090  r_LSST  26.48405  2.04280
61529.19460  z_LSST  24.29871  0.58205
61526.26120  g_LSST  25.20899  0.73417
61526.26030  g_LSST  25.24464  0.75868
61525.20610  r_LSST  26.25648  1.46336
61524.00750  r_LSST  26.00259  1.66208
61523.26430  z_LSST  25.49996  2.04926
61522.22090  r_LSST  27.51922  6.79410
61519.23660  z_LSST  25.41169  2.84700
61519.21260  i_LSST  27.48164  12.45061
61519.21210  i_LSST  24.43296  0.75114
61514.21710  i_LSST  24.13053  0.50314
61511.22870  z_LSST  25.61540  1.74109
61509.25160  i_LSST  25.21213  0.72749
61508.05020  r_LSST  24.60746  0.41036
61508.02650  g_LSST  25.53517  0.95990
61505.27110  r_LSST  26.52766  1.91450
61505.24670  g_LSST  25.82829  0.68383
61500.26880  i_LSST  24.91469  0.61248
61500.03650  i_LSST  24.66137  0.48502
61500.01280  z_LSST  24.91693  1.80861
61499.14390  r_LSST  28.19793  6.11999
61499.14350  r_LSST  25.37017  0.45253
61498.14240  g_LSST  27.45981  2.19503
61490.31620  i_LSST  25.14996  1.20451
61490.29220  r_LSST  26.25975  3.11943
61486.12590  z_LSST  27.75723  22.32108
61483.35960  r_LSST  25.17698  0.41273
61480.33010  r_LSST  25.59987  0.59848
61473.32350  i_LSST  25.67853  1.16400
61472.21650  g_LSST  28.07128  5.30940
61470.34820  i_LSST  26.37379  1.95646
61466.34190  r_LSST  26.10998  1.25176
61462.38790  z_LSST  26.82828  6.75080
61462.37670  i_LSST  25.31193  1.09867
61462.36590  i_LSST  24.65241  0.59849
61462.35460  z_LSST  24.25550  0.63131
61454.23610  z_LSST  24.25258  0.68537
61450.29480  z_LSST  25.40208  1.99170
61447.29220  z_LSST  23.88638  0.42829
61447.26780  i_LSST  25.29055  0.96713
61445.30410  i_LSST  28.86223  15.51702
61445.27980  r_LSST  32.55293  336.07604
61444.38890  z_LSST  24.04530  0.94989
61443.38370  z_LSST  24.50813  1.27392
61443.38330  z_LSST  25.31393  2.67583
61443.29070  r_LSST  29.39310  22.91094
61443.28610  r_LSST  25.97333  0.98205
61442.28510  g_LSST  26.93124  1.44376
61439.23770  r_LSST  25.99894  1.17616
61437.29980  i_LSST  25.65513  2.00254
61435.32810  r_LSST  25.06283  0.42555
61435.30270  i_LSST  25.39374  0.93568
61428.32850  z_LSST  24.00149  0.83233
61364.35760  r_LSST  24.09550  0.92407
61364.35640  r_LSST  23.86117  0.74469
61364.35620  r_LSST  23.70024  0.64210
61364.35450  r_LSST  24.47144  1.30641
61364.35330  r_LSST  24.24816  1.06358
61364.34830  r_LSST  25.17206  2.49074
61364.34690  r_LSST  25.20553  2.56871
61222.02540  z_LSST  22.90870  0.20190
61222.02490  z_LSST  22.73276  0.17170
61221.05640  i_LSST  22.64231  0.13642
61221.05450  i_LSST  23.12509  0.21281
61221.03200  r_LSST  24.13363  0.52264
61221.03010  r_LSST  23.36012  0.25633
61218.04990  z_LSST  22.32505  0.13038
61218.02590  i_LSST  22.88298  0.13451
61210.10140  z_LSST  23.56775  0.30873
61210.09510  z_LSST  23.27211  0.23514
61210.07740  i_LSST  23.73633  0.22690
61210.07110  i_LSST  23.37805  0.16313
61197.08290  r_LSST  26.12631  1.59699
61182.12530  z_LSST  27.17999  7.37988
61164.19460  i_LSST  25.20712  1.36828
61152.21670  i_LSST  24.87675  0.73896
61150.98800  u_LSST  24.93595  0.95385
61148.02880  i_LSST  25.33256  0.89217
61145.25280  r_LSST  24.43462  0.42941
61145.22970  u_LSST  24.90432  1.23418
61143.25370  i_LSST  26.71055  3.19707
61143.22970  r_LSST  27.45250  3.42470
61139.25750  g_LSST  25.24093  0.77637
61139.24790  g_LSST  25.81101  1.31250
61127.30920  z_LSST  25.13782  2.01445
61124.29370  i_LSST  27.70196  6.48580
61124.26740  r_LSST  26.18172  1.03370
61123.28160  u_LSST  25.31619  0.75414
61117.33750  r_LSST  25.12511  0.70466
61115.33440  g_LSST  27.36110  2.32196
61115.31040  r_LSST  28.04822  5.16621
61112.20810  g_LSST  26.87446  1.15410
61110.33160  r_LSST  27.82119  6.48169
61109.20920  r_LSST  26.84113  2.70925
61099.36580  i_LSST  27.34185  5.59209
61098.38520  z_LSST  26.70102  4.62092
61098.37380  i_LSST  25.41755  0.95060
61088.35790  i_LSST  25.36220  0.97475
61080.39020  z_LSST  24.06406  0.97356
61073.27150  r_LSST  24.98152  0.93205
61071.31360  z_LSST  25.52816  2.52843
61071.28910  i_LSST  25.41938  1.44946
61048.33150  i_LSST  26.14573  2.55163
61004.35260  r_LSST  25.44086  2.17906
61004.34650  r_LSST  28.15231  26.47584
61000.35470  r_LSST  25.38937  2.71351
61000.35160  r_LSST  23.91423  0.69739
