# ================================
# SNID: 104945
# RA: 52.14025115966797
# DEC: -28.92323112487793
# ================================
NVAR: 4
VARNAMES: MJD FLT MAG MAGERR
61833.07430  z_LSST  25.09229  1.91505
61833.07390  z_LSST  23.59041  0.48021
61833.07350  z_LSST  24.64873  1.27279
61833.07310  z_LSST  24.09212  0.76228
61833.07260  z_LSST  23.63399  0.49988
61833.07220  z_LSST  25.58493  3.01465
61833.07140  z_LSST  24.48228  1.09189
61833.07100  z_LSST  26.30624  5.85818
61833.07060  z_LSST  24.64898  1.27309
61833.07010  z_LSST  23.41248  0.40762
61833.06970  z_LSST  24.03786  0.72512
61833.06930  z_LSST  23.38221  0.39641
61833.06890  z_LSST  23.41897  0.41007
61833.06850  z_LSST  23.31588  0.37292
61833.06810  z_LSST  23.84481  0.60700
61833.06760  z_LSST  23.40406  0.40447
61833.06720  z_LSST  24.40177  1.01385
61833.06680  z_LSST  23.62459  0.49556
61833.06640  z_LSST  24.39979  1.01200
61833.06560  z_LSST  23.59060  0.48029
61833.06510  z_LSST  23.57245  0.47233
61833.06470  z_LSST  24.69924  1.33340
61833.05410  r_LSST  24.48700  0.47472
61833.05370  r_LSST  24.41242  0.44321
61833.05320  r_LSST  24.69890  0.57704
61833.05280  r_LSST  24.87610  0.67933
61833.05240  r_LSST  24.90437  0.69725
61833.05200  r_LSST  24.87386  0.67793
61833.05160  r_LSST  24.53519  0.49627
61833.05120  r_LSST  24.76857  0.61528
61833.05070  r_LSST  24.09395  0.33054
61833.05030  r_LSST  24.66365  0.55860
61833.04990  r_LSST  24.18177  0.35838
61833.04950  r_LSST  24.41875  0.44580
61833.04910  r_LSST  24.21117  0.36822
61833.04870  r_LSST  24.74248  0.60067
61833.04820  r_LSST  24.69328  0.57405
61833.04780  r_LSST  24.55475  0.50529
61833.04740  r_LSST  25.16877  0.88951
61833.04700  r_LSST  23.87284  0.26964
61833.04660  r_LSST  24.58319  0.51870
61833.04620  r_LSST  25.82445  1.62713
61833.04440  i_LSST  24.36160  0.52119
61833.04400  i_LSST  24.88989  0.84784
61833.04350  i_LSST  24.15948  0.43266
61833.04310  i_LSST  23.63806  0.26766
61833.04270  i_LSST  24.38818  0.53411
61833.04230  i_LSST  23.80477  0.31208
61833.04190  i_LSST  24.07196  0.39915
61833.04150  i_LSST  24.00480  0.37521
61833.04100  i_LSST  24.24429  0.46781
61833.04060  i_LSST  23.96351  0.36121
61833.04020  i_LSST  24.41155  0.54573
61833.03980  i_LSST  23.64417  0.26917
61833.03940  i_LSST  24.23113  0.46218
61833.03900  i_LSST  24.04601  0.38973
61833.03850  i_LSST  25.75830  1.88659
61833.03810  i_LSST  23.86859  0.33097
61833.03770  i_LSST  25.31565  1.25492
61833.03730  i_LSST  24.87412  0.83561
61833.03690  i_LSST  25.08584  1.01553
61833.03650  i_LSST  23.43641  0.22229
61833.03470  g_LSST  25.56256  0.81907
61833.03430  g_LSST  28.90446  17.78602
61833.03380  g_LSST  25.19007  0.58119
61833.03340  g_LSST  26.36094  1.70871
61833.03300  g_LSST  25.77106  0.99247
61833.03260  g_LSST  24.63466  0.34846
61833.03220  g_LSST  25.36778  0.68455
61833.03130  g_LSST  26.70375  2.34311
61826.07180  z_LSST  24.03122  0.61154
61826.07140  z_LSST  24.62784  1.05943
61826.07090  z_LSST  25.26296  1.90160
61826.07050  z_LSST  23.77717  0.48395
61826.07010  z_LSST  23.85793  0.52132
61826.06970  z_LSST  23.63434  0.42430
61826.06930  z_LSST  26.37022  5.27258
61826.06890  z_LSST  23.58103  0.40397
61826.06840  z_LSST  23.24378  0.29611
61826.06800  z_LSST  23.53901  0.38863
61826.06760  z_LSST  23.96346  0.57454
61826.06720  z_LSST  23.73689  0.46633
61826.06680  z_LSST  24.01725  0.60372
61826.06640  z_LSST  23.38909  0.33851
61826.06590  z_LSST  23.53617  0.38762
61826.06550  z_LSST  24.83635  1.28373
61826.06510  z_LSST  23.85429  0.51958
61826.06470  z_LSST  24.00154  0.59505
61826.06430  z_LSST  23.57670  0.40236
61826.06340  z_LSST  23.94377  0.56421
61826.06300  z_LSST  23.67131  0.43900
61826.06260  z_LSST  23.30772  0.31407
61826.06220  z_LSST  23.91562  0.54977
61826.06010  u_LSST  24.53683  0.65987
61826.05930  u_LSST  27.29529  8.37235
61826.05810  u_LSST  26.57618  4.31721
61826.05600  r_LSST  23.73831  0.18074
61826.05560  r_LSST  23.87615  0.20521
61826.05510  r_LSST  23.70802  0.17577
61826.05470  r_LSST  24.56235  0.38608
61826.05430  r_LSST  23.81465  0.19391
61826.05390  r_LSST  24.00752  0.23161
61826.05350  r_LSST  24.39308  0.33035
61826.05310  r_LSST  24.02805  0.23603
61826.05260  r_LSST  23.88820  0.20750
61826.05220  r_LSST  23.89443  0.20869
61826.05180  r_LSST  23.82453  0.19568
61826.05140  r_LSST  24.08430  0.24858
61826.05100  r_LSST  24.20142  0.27689
61826.05060  r_LSST  24.36430  0.32171
61826.05010  r_LSST  24.58493  0.39419
61826.04970  r_LSST  24.22129  0.28200
61826.04930  r_LSST  24.08750  0.24931
61826.04890  r_LSST  24.15456  0.26519
61826.04850  r_LSST  24.16278  0.26721
61826.04810  r_LSST  23.88173  0.20627
61826.04630  i_LSST  24.01626  0.31223
61826.04590  i_LSST  24.23111  0.38055
61826.04540  i_LSST  23.82071  0.26077
61826.04500  i_LSST  23.87019  0.27292
61826.04460  i_LSST  24.10987  0.34034
61826.04420  i_LSST  24.06350  0.32611
61826.04380  i_LSST  24.08471  0.33255
61826.04340  i_LSST  23.86799  0.27237
61826.04290  i_LSST  23.71578  0.23674
61826.04250  i_LSST  24.07138  0.32849
61826.04210  i_LSST  23.86463  0.27153
61826.04170  i_LSST  23.78410  0.25212
61826.04130  i_LSST  23.51932  0.19756
61826.04090  i_LSST  23.89075  0.27814
61826.04040  i_LSST  24.27329  0.39562
61826.04000  i_LSST  24.03807  0.31856
61826.03960  i_LSST  23.79674  0.25507
61826.03920  i_LSST  24.15136  0.35360
61826.03880  i_LSST  23.77650  0.25036
61826.03840  i_LSST  24.04433  0.32040
61826.03660  g_LSST  25.83932  0.77559
61826.03620  g_LSST  25.21256  0.43544
61826.03580  g_LSST  26.89377  2.04838
61826.03530  g_LSST  25.16586  0.41711
61826.03490  g_LSST  25.09936  0.39233
61826.03450  g_LSST  25.33196  0.48606
61826.03370  g_LSST  25.30184  0.47276
61826.03330  g_LSST  25.62427  0.63623
61826.03280  g_LSST  25.20126  0.43093
61821.06330  r_LSST  23.94733  0.16347
61821.04090  u_LSST  26.35462  2.39314
61820.04020  u_LSST  24.65257  0.38626
61820.03940  u_LSST  26.07327  1.42944
61820.03900  u_LSST  25.45700  0.81032
61820.03860  u_LSST  25.66149  0.97826
61820.03830  u_LSST  25.87932  1.19559
61814.05490  z_LSST  24.15630  0.45204
61814.05350  z_LSST  24.45871  0.59722
61813.09790  z_LSST  24.04183  0.55495
61813.09750  z_LSST  24.98756  1.32599
61813.09710  z_LSST  23.50386  0.33811
61813.09670  z_LSST  24.24689  0.67031
61813.09630  z_LSST  25.63540  2.40811
61813.09590  z_LSST  24.06931  0.56917
61813.09540  z_LSST  24.08024  0.57493
61813.09500  z_LSST  23.97052  0.51966
61813.09460  z_LSST  24.17808  0.62914
61813.09420  z_LSST  23.73348  0.41774
61813.09380  z_LSST  23.75233  0.42506
61813.09340  z_LSST  23.94198  0.50619
61813.09290  z_LSST  24.00003  0.53398
61813.09250  z_LSST  23.26174  0.27053
61813.09210  z_LSST  24.03881  0.55340
61813.09170  z_LSST  23.24492  0.26637
61813.09130  z_LSST  24.38329  0.76003
61813.09090  z_LSST  24.00687  0.53736
61813.09040  z_LSST  24.18150  0.63113
61813.09000  z_LSST  23.60369  0.37067
61813.08960  z_LSST  24.85585  1.17451
61813.08920  z_LSST  23.87821  0.47731
61813.08880  z_LSST  23.89294  0.48383
61813.07770  r_LSST  24.21965  0.45306
61813.07730  r_LSST  23.97272  0.36090
61813.07690  r_LSST  23.88911  0.33415
61813.07650  r_LSST  23.71151  0.28373
61813.07600  r_LSST  24.24514  0.46382
61813.07560  r_LSST  23.73811  0.29076
61813.07520  r_LSST  24.51382  0.59405
61813.07480  r_LSST  23.65535  0.26942
61813.07440  r_LSST  23.80643  0.30965
61813.07400  r_LSST  23.68243  0.27623
61813.07350  r_LSST  23.59442  0.25472
61813.07310  r_LSST  24.16491  0.43078
61813.07270  r_LSST  24.04311  0.38507
61813.07230  r_LSST  23.91770  0.34306
61813.07190  r_LSST  23.92931  0.34675
61813.07150  r_LSST  23.70642  0.28240
61813.07100  r_LSST  24.55512  0.61708
61813.07060  r_LSST  24.53259  0.60441
61813.07020  r_LSST  24.42245  0.54610
61813.06980  r_LSST  24.57069  0.62599
61813.06800  i_LSST  23.84854  0.31927
61813.06760  i_LSST  25.49559  1.45539
61813.06720  i_LSST  23.83222  0.31451
61813.06680  i_LSST  23.25067  0.18408
61813.06630  i_LSST  24.01468  0.37206
61813.06590  i_LSST  23.68503  0.27463
61813.06550  i_LSST  23.92504  0.34258
61813.06510  i_LSST  24.05681  0.38678
61813.06470  i_LSST  23.71825  0.28317
61813.06430  i_LSST  23.92728  0.34328
61813.06380  i_LSST  24.44640  0.55374
61813.06340  i_LSST  23.84461  0.31812
61813.06300  i_LSST  24.22787  0.45278
61813.06260  i_LSST  23.89808  0.33418
61813.06220  i_LSST  23.59320  0.25236
61813.06180  i_LSST  23.71956  0.28351
61813.06130  i_LSST  23.83777  0.31612
61813.06090  i_LSST  25.07674  0.98955
61813.06050  i_LSST  23.73603  0.28784
61813.06010  i_LSST  23.80910  0.30788
61813.05830  g_LSST  24.75455  0.49652
61813.05790  g_LSST  24.93264  0.58502
61813.05750  g_LSST  24.65343  0.45236
61813.05710  g_LSST  25.62001  1.10185
61813.05660  g_LSST  24.32125  0.33313
61813.05620  g_LSST  25.07166  0.66494
61813.05580  g_LSST  24.37965  0.35154
61813.05540  g_LSST  24.76213  0.50000
61813.05500  g_LSST  25.23296  0.77144
61813.05460  g_LSST  24.71784  0.48002
61811.06890  z_LSST  23.24451  0.36687
61811.06840  z_LSST  24.36494  1.02964
61810.02460  z_LSST  25.10031  2.38870
61809.03050  z_LSST  27.65122  20.44321
61809.02550  z_LSST  23.87361  0.63023
61804.17850  z_LSST  24.59513  1.48366
61804.17800  z_LSST  23.20574  0.41265
61804.17760  z_LSST  23.72197  0.66385
61804.17680  z_LSST  24.59044  1.47726
61804.17640  z_LSST  22.87283  0.30368
61804.17600  z_LSST  24.31964  1.15117
61804.17550  z_LSST  24.43077  1.27523
61804.17510  z_LSST  23.55674  0.57013
61804.17430  z_LSST  24.62440  1.52420
61804.17390  z_LSST  23.02919  0.35072
61804.17350  z_LSST  24.25143  1.08107
61804.17260  z_LSST  24.65330  1.56532
61804.17220  z_LSST  24.86321  1.89917
61804.17180  z_LSST  24.31212  1.14322
61804.17140  z_LSST  23.43864  0.51137
61804.17100  z_LSST  24.22120  1.05138
61804.16930  z_LSST  23.12927  0.38458
61804.16890  z_LSST  25.14813  2.46906
61804.15820  r_LSST  23.81473  0.20696
61804.15780  r_LSST  23.96627  0.23796
61804.15740  r_LSST  23.89483  0.22281
61804.15700  r_LSST  23.79526  0.20328
61804.15660  r_LSST  23.64733  0.17739
61804.15610  r_LSST  23.66456  0.18023
61804.15570  r_LSST  24.00716  0.24709
61804.15530  r_LSST  24.21234  0.29849
61804.15490  r_LSST  23.90571  0.22505
61804.15450  r_LSST  23.74722  0.19448
61804.15410  r_LSST  23.88984  0.22179
61804.15360  r_LSST  23.95540  0.23559
61804.15320  r_LSST  23.85043  0.21388
61804.15280  r_LSST  24.24392  0.30730
61804.15240  r_LSST  23.66981  0.18110
61804.15200  r_LSST  23.64182  0.17649
61804.15160  r_LSST  23.89249  0.22233
61804.15110  r_LSST  23.60118  0.17001
61804.15070  r_LSST  23.79381  0.20301
61804.15030  r_LSST  24.19162  0.29285
61804.14850  i_LSST  23.30943  0.19878
61804.14810  i_LSST  23.64628  0.27109
61804.14770  i_LSST  23.53889  0.24556
61804.14730  i_LSST  24.12897  0.42285
61804.14690  i_LSST  23.68746  0.28157
61804.14640  i_LSST  23.80867  0.31482
61804.14600  i_LSST  23.85583  0.32880
61804.14560  i_LSST  23.63728  0.26885
61804.14520  i_LSST  24.68898  0.70825
61804.14480  i_LSST  23.99203  0.37274
61804.14440  i_LSST  23.63793  0.26901
61804.14390  i_LSST  23.86135  0.33047
61804.14350  i_LSST  23.98490  0.37030
61804.14310  i_LSST  23.96870  0.36482
61804.14270  i_LSST  24.16299  0.43631
61804.14230  i_LSST  23.88416  0.33749
61804.14190  i_LSST  23.73201  0.29336
61804.14140  i_LSST  24.09014  0.40799
61804.14100  i_LSST  23.72897  0.29254
61804.14060  i_LSST  24.21366  0.45715
61804.13880  g_LSST  23.81406  0.12654
61804.13840  g_LSST  24.03830  0.15557
61804.13800  g_LSST  24.24157  0.18760
61804.13760  g_LSST  24.13437  0.16996
61804.13720  g_LSST  24.16381  0.17463
61804.13670  g_LSST  24.18944  0.17880
61804.13630  g_LSST  24.15120  0.17262
61804.13590  g_LSST  24.33752  0.20493
61804.13550  g_LSST  24.18915  0.17876
61804.13510  g_LSST  23.97322  0.14652
61802.07190  z_LSST  24.84759  1.26924
61798.08020  i_LSST  23.90798  0.23214
61798.05630  r_LSST  23.74868  0.12004
61797.12750  i_LSST  23.70535  0.23852
61797.12700  i_LSST  24.06840  0.33323
61797.10370  r_LSST  23.71106  0.11133
61797.10330  r_LSST  23.79962  0.12079
61796.09470  z_LSST  24.76929  0.66319
61796.09430  z_LSST  24.48950  0.51254
61796.09390  z_LSST  23.78138  0.26698
61796.09350  z_LSST  23.84556  0.28323
61796.09310  z_LSST  23.75097  0.25960
61796.09260  z_LSST  24.95852  0.78946
61796.09220  z_LSST  24.18613  0.38759
61796.09180  z_LSST  26.01587  2.09059
61796.09140  z_LSST  24.09261  0.35560
61796.09100  z_LSST  24.25576  0.41326
61796.09060  z_LSST  24.43863  0.48908
61796.09010  z_LSST  24.15454  0.37648
61796.08970  z_LSST  23.91010  0.30058
61796.08930  z_LSST  24.80582  0.68589
61796.08890  z_LSST  24.50715  0.52094
61796.08850  z_LSST  24.94223  0.77771
61796.08810  z_LSST  25.44532  1.23609
61796.08760  z_LSST  24.69825  0.62119
61796.08720  z_LSST  23.99203  0.32414
61796.08680  z_LSST  24.35708  0.45369
61796.08640  z_LSST  24.58180  0.55801
61796.08600  z_LSST  26.08490  2.22784
61796.08560  z_LSST  23.91890  0.30303
61796.08510  z_LSST  24.76738  0.66203
61796.08340  u_LSST  23.75867  0.12740
61796.08300  u_LSST  23.71630  0.12252
61796.08260  u_LSST  23.89043  0.14384
61796.08220  u_LSST  23.84911  0.13847
61796.08190  u_LSST  23.94466  0.15120
61796.08150  u_LSST  23.85262  0.13892
61796.08110  u_LSST  23.62703  0.11285
61796.08070  u_LSST  24.19697  0.19076
61796.07890  r_LSST  23.93199  0.11124
61796.07850  r_LSST  24.00697  0.11919
61796.07810  r_LSST  24.02355  0.12102
61796.07770  r_LSST  23.85161  0.10330
61796.07730  r_LSST  23.95083  0.11318
61796.07680  r_LSST  24.02399  0.12107
61796.07640  r_LSST  23.75156  0.09420
61796.07600  r_LSST  23.77104  0.09591
61796.07560  r_LSST  23.99802  0.11821
61796.07520  r_LSST  23.88988  0.10700
61796.07480  r_LSST  23.92573  0.11060
61796.07430  r_LSST  23.98299  0.11659
61796.07390  r_LSST  23.96685  0.11486
61796.07350  r_LSST  24.11642  0.13183
61796.07310  r_LSST  24.14843  0.13578
61796.07270  r_LSST  24.02319  0.12098
61796.07230  r_LSST  23.94006  0.11207
61796.07180  r_LSST  23.72113  0.09160
61796.07140  r_LSST  23.98793  0.11712
61796.07100  r_LSST  23.77226  0.09602
61796.06920  i_LSST  23.98533  0.19418
61796.06880  i_LSST  23.84917  0.17129
61796.06840  i_LSST  23.72193  0.15235
61796.06800  i_LSST  23.89257  0.17828
61796.06760  i_LSST  24.29580  0.25846
61796.06710  i_LSST  23.79563  0.16305
61796.06670  i_LSST  23.81477  0.16595
61796.06630  i_LSST  24.00562  0.19784
61796.06590  i_LSST  24.17757  0.23179
61796.06550  i_LSST  23.94360  0.18686
61796.06510  i_LSST  23.84980  0.17139
61796.06460  i_LSST  24.26133  0.25038
61796.06420  i_LSST  23.87809  0.17592
61796.06380  i_LSST  24.02385  0.20119
61796.06340  i_LSST  23.91722  0.18237
61796.06300  i_LSST  23.80516  0.16449
61796.06260  i_LSST  24.05865  0.20775
61796.06210  i_LSST  23.92075  0.18297
61796.06170  i_LSST  23.91502  0.18201
61796.06130  i_LSST  24.09364  0.21455
61796.05950  g_LSST  23.56653  0.04946
61796.05910  g_LSST  23.57992  0.05008
61796.05870  g_LSST  23.62000  0.05196
61796.05830  g_LSST  23.55509  0.04894
61796.05790  g_LSST  23.71168  0.05654
61796.05750  g_LSST  23.67353  0.05458
61796.05700  g_LSST  23.58583  0.05035
61796.05660  g_LSST  23.59290  0.05068
61796.05620  g_LSST  23.59235  0.05065
61796.05580  g_LSST  23.63371  0.05262
61795.12410  r_LSST  24.35239  0.25669
61795.10170  u_LSST  23.69370  0.13853
61794.09960  i_LSST  24.53564  0.37540
61794.08340  i_LSST  24.16861  0.26773
61794.07520  z_LSST  23.93538  0.39642
61791.08470  r_LSST  24.42153  0.30008
61791.06240  u_LSST  23.43962  0.13880
61791.06070  u_LSST  23.29855  0.12189
61791.06030  u_LSST  23.43271  0.13792
61791.05990  u_LSST  23.42573  0.13703
61791.05950  u_LSST  23.20364  0.11168
61791.05920  u_LSST  23.30158  0.12223
61791.05880  u_LSST  23.31357  0.12358
61791.05840  u_LSST  23.50617  0.14757
61791.05800  u_LSST  23.30407  0.12251
61790.08480  z_LSST  26.12781  3.21540
61790.08440  z_LSST  25.70415  2.17658
61790.08400  z_LSST  23.69307  0.34146
61790.08350  z_LSST  23.87562  0.40398
61790.08310  z_LSST  24.79963  0.94616
61790.08270  z_LSST  24.19855  0.54392
61790.08230  z_LSST  24.58582  0.77703
61790.08190  z_LSST  23.82424  0.38531
61790.08150  z_LSST  25.73908  2.24773
61790.08100  z_LSST  24.55332  0.75412
61790.08060  z_LSST  24.26428  0.57786
61790.08020  z_LSST  24.90999  1.04739
61790.07980  z_LSST  24.05094  0.47478
61790.07940  z_LSST  24.19189  0.54059
61790.07900  z_LSST  24.75653  0.90934
61790.07850  z_LSST  24.85577  0.99637
61790.07810  z_LSST  24.08730  0.49095
61790.07770  z_LSST  23.72407  0.35135
61790.07730  z_LSST  23.74934  0.35962
61790.07690  z_LSST  25.52835  1.85120
61790.07600  z_LSST  24.70998  0.87118
61790.07560  z_LSST  25.56119  1.90805
61790.07520  z_LSST  23.56588  0.30372
61790.06460  r_LSST  23.96452  0.11094
61790.06410  r_LSST  24.19999  0.13781
61790.06370  r_LSST  24.21001  0.13909
61790.06330  r_LSST  24.18452  0.13586
61790.06290  r_LSST  24.11697  0.12767
61790.06250  r_LSST  24.01846  0.11659
61790.06210  r_LSST  24.30655  0.15202
61790.06160  r_LSST  24.13273  0.12953
61790.06120  r_LSST  24.28477  0.14901
61790.06080  r_LSST  24.01621  0.11635
61790.06040  r_LSST  24.09010  0.12455
61790.06000  r_LSST  24.16933  0.13398
61790.05960  r_LSST  24.50243  0.18208
61789.12090  r_LSST  24.03959  0.16847
61789.12050  r_LSST  24.84895  0.35504
61789.12010  r_LSST  24.47747  0.25216
61789.11970  r_LSST  24.48767  0.25454
61789.11930  r_LSST  24.43499  0.24249
61789.11880  r_LSST  24.22307  0.19949
61789.11840  r_LSST  24.49551  0.25639
61789.11660  i_LSST  24.37884  0.31863
61789.11620  i_LSST  24.13980  0.25567
61789.11580  i_LSST  24.34581  0.30908
61789.11540  i_LSST  23.95927  0.21650
61789.11500  i_LSST  24.24602  0.28194
61789.11460  i_LSST  24.06623  0.23891
61789.11410  i_LSST  25.19687  0.67687
61789.11370  i_LSST  24.61632  0.39653
61789.11330  i_LSST  25.01388  0.57188
61789.11290  i_LSST  24.16733  0.26223
61789.11250  i_LSST  24.74171  0.44508
61789.11210  i_LSST  24.08335  0.24271
61789.11160  i_LSST  24.91252  0.52091
61789.11120  i_LSST  24.15804  0.26000
61789.11080  i_LSST  24.60142  0.39113
61789.11040  i_LSST  24.45437  0.34159
61789.11000  i_LSST  24.37115  0.31638
61789.10960  i_LSST  24.07075  0.23991
61789.10910  i_LSST  24.11467  0.24982
61789.10870  i_LSST  24.50232  0.35701
61789.10690  g_LSST  23.62847  0.06281
61789.10650  g_LSST  23.62012  0.06233
61789.10610  g_LSST  23.62291  0.06249
61789.10570  g_LSST  23.68961  0.06645
61789.10530  g_LSST  23.64940  0.06403
61789.10490  g_LSST  23.54764  0.05830
61789.10440  g_LSST  23.72372  0.06857
61789.10400  g_LSST  23.64401  0.06372
61789.10360  g_LSST  23.52653  0.05718
61789.10320  g_LSST  23.69220  0.06661
61785.17200  z_LSST  25.72779  3.74899
61774.21280  z_LSST  27.20905  9.79930
61774.21200  z_LSST  24.09057  0.55438
61774.21160  z_LSST  24.28235  0.66148
61774.20990  z_LSST  25.41454  1.87669
61774.20950  z_LSST  26.11668  3.58300
61774.20910  z_LSST  26.31750  4.31096
61774.20830  z_LSST  24.42384  0.75355
61774.20780  z_LSST  26.48348  5.02304
61774.20620  z_LSST  25.65966  2.35201
61774.20580  z_LSST  25.03889  1.32780
61774.20490  z_LSST  26.01063  3.24958
61774.20450  z_LSST  25.41668  1.88040
61774.20410  z_LSST  24.72296  0.99256
61774.19220  r_LSST  26.17194  1.27485
61774.19010  r_LSST  27.14363  3.11986
61774.18970  r_LSST  25.67724  0.80831
61774.16680  r_LSST  26.25625  1.37779
61774.16640  r_LSST  25.57497  0.73565
61774.16560  r_LSST  26.03372  1.12246
61774.16520  r_LSST  25.44083  0.65015
61774.16480  r_LSST  28.22292  8.43050
61774.16430  r_LSST  26.93289  2.56945
61774.16390  r_LSST  28.07714  7.37124
61774.16310  r_LSST  26.51913  1.75523
61774.15920  i_LSST  26.54674  2.10386
61774.15880  i_LSST  26.19731  1.52491
61774.15760  i_LSST  26.70606  2.43639
61774.15630  i_LSST  27.96601  7.77545
61774.15510  i_LSST  26.13742  1.44307
61774.15420  i_LSST  30.16924  59.15850
61774.15160  g_LSST  27.98297  3.65324
61774.15120  g_LSST  26.76230  1.18689
61774.15080  g_LSST  28.67747  6.92592
61774.15040  g_LSST  27.75221  2.95375
61774.14950  g_LSST  27.97393  3.62297
61774.14910  g_LSST  26.89087  1.33610
61771.22880  z_LSST  24.36785  1.05294
61769.17690  z_LSST  25.26138  1.76756
61769.15330  i_LSST  25.90583  1.19599
61769.15240  i_LSST  25.83400  1.11943
61768.19070  r_LSST  27.82428  5.00951
61768.16670  g_LSST  25.91053  0.48285
61767.21130  i_LSST  28.73697  18.97623
61766.17830  i_LSST  28.38572  15.47649
61763.21940  g_LSST  25.89303  0.81846
61763.19610  r_LSST  28.61052  10.45310
61763.19480  r_LSST  26.81541  2.00078
61761.16830  u_LSST  28.03435  7.23151
61761.16790  u_LSST  28.70292  13.38625
61761.16710  u_LSST  28.22840  8.64668
61761.16600  u_LSST  26.02552  1.13684
61760.28760  z_LSST  26.38186  7.11646
61760.28720  z_LSST  24.46198  1.21426
61760.28640  z_LSST  24.09130  0.86306
61760.28600  z_LSST  24.53124  1.29424
61760.28140  z_LSST  25.44077  2.99108
61760.28100  z_LSST  24.29137  1.03768
61760.27970  z_LSST  23.91798  0.73572
61760.27890  z_LSST  24.64630  1.43893
61760.27850  z_LSST  24.32640  1.07171
61760.26660  r_LSST  25.79831  1.54851
61760.26530  r_LSST  25.84237  1.61264
61760.26490  r_LSST  27.65737  8.58101
61760.26370  r_LSST  26.88536  4.21438
61760.26160  r_LSST  24.92647  0.69371
61760.26120  r_LSST  25.69146  1.40337
61760.26030  r_LSST  27.86786  10.41674
61760.25950  r_LSST  24.74002  0.58425
61760.25730  i_LSST  25.03913  0.92754
61760.25690  i_LSST  26.76587  4.55017
61760.25650  i_LSST  25.03151  0.92105
61760.25440  i_LSST  25.17299  1.04924
61760.25400  i_LSST  26.61331  3.95373
61760.25350  i_LSST  27.04710  5.89549
61760.25310  i_LSST  24.74873  0.70986
61760.25270  i_LSST  27.36049  7.86825
61760.25230  i_LSST  29.68820  67.13715
61760.25100  i_LSST  26.53304  3.67195
61760.25020  i_LSST  28.80886  29.86935
61760.24800  g_LSST  26.70867  2.05976
61760.24760  g_LSST  26.94265  2.55511
61760.24680  g_LSST  25.91602  0.99256
61760.24590  g_LSST  27.99291  6.72223
61760.24550  g_LSST  27.27015  3.45467
61760.24510  g_LSST  26.60096  1.86523
61760.24430  g_LSST  26.61553  1.89042
61757.21390  r_LSST  26.36543  2.62649
61757.21250  r_LSST  25.01422  0.75665
61757.18870  g_LSST  25.30944  0.72716
61756.21260  z_LSST  25.03820  1.08760
61756.18870  i_LSST  25.28434  0.87702
61754.19740  z_LSST  24.87363  0.93443
61754.19650  z_LSST  26.31994  3.54055
61754.19570  z_LSST  26.18619  3.13020
61754.19360  z_LSST  24.76261  0.84361
61754.19320  z_LSST  26.03503  2.72337
61754.19200  z_LSST  26.63676  4.74021
61754.19030  z_LSST  26.31141  3.51284
61754.18950  z_LSST  24.63684  0.75133
61754.18900  z_LSST  25.71403  2.02632
61754.18860  z_LSST  25.94080  2.49697
61754.14890  r_LSST  26.59296  2.96530
61754.14760  r_LSST  27.91014  9.97562
61754.14680  r_LSST  29.84347  59.19351
61754.14590  r_LSST  30.94883  163.83864
61754.14510  r_LSST  27.46475  6.61886
61754.14470  r_LSST  25.61044  1.19967
61754.14340  r_LSST  25.44841  1.03336
61754.14260  r_LSST  29.37998  38.62559
61754.14180  r_LSST  27.41144  6.30172
61754.14130  r_LSST  27.01753  4.38427
61754.13910  i_LSST  25.16737  0.79049
61754.13870  i_LSST  26.64294  3.07700
61754.13830  i_LSST  28.55074  17.83388
61754.13790  i_LSST  25.12041  0.75703
61754.13580  i_LSST  25.13206  0.76520
61754.13410  i_LSST  25.38454  0.96553
61754.13330  i_LSST  25.03994  0.70296
61754.13250  i_LSST  25.13186  0.76506
61754.13160  i_LSST  25.56089  1.13581
61754.08080  g_LSST  26.17897  1.55220
61754.07990  g_LSST  25.77028  1.06530
61754.07950  g_LSST  26.66365  2.42561
61754.07910  g_LSST  25.89677  1.19692
61754.07870  g_LSST  26.27675  1.69848
61754.07830  g_LSST  26.98611  3.26442
61754.07790  g_LSST  27.15725  3.82174
61754.07740  g_LSST  25.96366  1.27299
61754.07700  g_LSST  26.04179  1.36797
61752.20640  i_LSST  25.17557  1.25714
61746.27790  z_LSST  25.07737  1.85682
61746.27740  z_LSST  27.11953  12.17973
61745.27580  z_LSST  25.26764  1.56493
61745.27540  z_LSST  25.86323  2.70855
61745.27080  z_LSST  24.95756  1.17616
61745.27000  z_LSST  25.58850  2.10302
61745.26830  z_LSST  24.56288  0.81770
61745.26790  z_LSST  24.57311  0.82544
61745.25560  r_LSST  26.64305  1.95584
61745.25510  r_LSST  26.17739  1.27371
61745.25470  r_LSST  27.06210  2.87709
61745.25390  r_LSST  30.73630  84.84647
61745.25260  r_LSST  26.13523  1.22520
61745.25100  r_LSST  28.18280  8.07671
61745.24930  r_LSST  25.75517  0.86334
61745.24850  r_LSST  25.48125  0.67083
61745.24760  r_LSST  25.84351  0.93652
61745.23650  i_LSST  27.53836  6.29639
61745.23310  i_LSST  25.73764  1.19895
61745.23230  i_LSST  25.67660  1.13341
61745.23100  i_LSST  27.37848  5.43425
61745.23060  i_LSST  25.12474  0.68178
61745.22900  i_LSST  26.04256  1.58770
61745.22850  i_LSST  25.18859  0.72307
61745.21740  g_LSST  26.55713  1.03124
61745.21690  g_LSST  28.04921  4.07561
61745.21440  g_LSST  25.81154  0.51895
61745.21400  g_LSST  26.14360  0.70461
61745.21360  g_LSST  26.55840  1.03245
61742.25010  u_LSST  25.78192  1.28166
61738.24080  z_LSST  27.70343  11.65189
61738.24030  z_LSST  28.13655  17.36387
61738.23910  z_LSST  26.47565  3.76084
61738.23830  z_LSST  25.35457  1.33923
61738.23700  z_LSST  25.84531  2.10451
61738.23660  z_LSST  24.18118  0.45446
61738.23620  z_LSST  24.75817  0.77320
61738.23580  z_LSST  25.29944  1.27293
61738.23530  z_LSST  25.88513  2.18313
61738.23450  z_LSST  25.79822  2.01519
61738.23370  z_LSST  24.94365  0.91724
61738.23330  z_LSST  26.24189  3.03237
61738.23280  z_LSST  25.02239  0.98624
61738.22940  u_LSST  25.19710  0.50892
61738.22900  u_LSST  25.82087  0.90398
61738.22870  u_LSST  27.60355  4.66904
61738.22500  r_LSST  26.06654  0.79294
61738.22450  r_LSST  27.98693  4.64940
61738.22250  r_LSST  28.70978  9.04771
61738.22200  r_LSST  26.36995  1.04860
61738.22160  r_LSST  27.51861  3.02046
61738.22080  r_LSST  27.40587  2.72254
61738.22040  r_LSST  28.19873  5.65090
61738.21950  r_LSST  28.74085  9.31041
61738.21870  r_LSST  26.75020  1.48835
61738.21830  r_LSST  28.58132  8.03811
61738.21790  r_LSST  26.08341  0.80536
61738.21530  i_LSST  25.03901  0.53248
61738.21190  i_LSST  29.07653  21.94378
61738.21150  i_LSST  27.67401  6.02983
61738.21070  i_LSST  27.53649  5.31246
61738.21030  i_LSST  24.96222  0.49612
61738.20980  i_LSST  29.79900  42.68726
61738.20940  i_LSST  26.03343  1.33067
61738.20860  i_LSST  25.68028  0.96119
61738.20560  g_LSST  29.24685  10.24108
61738.20520  g_LSST  27.72836  2.52900
61738.20470  g_LSST  27.04587  1.34883
61738.20270  g_LSST  27.32367  1.74211
61738.20220  g_LSST  26.19964  0.61868
61736.22890  u_LSST  25.54159  0.87786
61730.27730  r_LSST  26.21311  1.16446
61725.09570  z_LSST  25.30260  2.04157
61725.09530  z_LSST  25.22013  1.89225
61725.09490  z_LSST  24.16280  0.71457
61725.09410  z_LSST  26.23419  4.81505
61725.09360  z_LSST  25.44071  2.31850
61725.09110  z_LSST  24.81171  1.29900
61725.09070  z_LSST  24.44535  0.92696
61725.09030  z_LSST  24.88256  1.38659
61725.08910  z_LSST  25.26729  1.97624
61725.08780  z_LSST  24.35305  0.85142
61725.08700  z_LSST  24.22813  0.75889
61725.08660  z_LSST  24.90965  1.42162
61725.07340  r_LSST  27.16025  6.16395
61725.07300  r_LSST  26.07956  2.27816
61725.07260  r_LSST  25.82079  1.79505
61725.07220  r_LSST  26.16956  2.47505
61725.07130  r_LSST  26.45967  3.23317
61725.07090  r_LSST  26.29474  2.77753
61725.06970  r_LSST  25.36280  1.17728
61725.06840  r_LSST  26.05329  2.22370
61725.06800  r_LSST  26.70184  4.04107
61725.06580  i_LSST  24.66817  0.81090
61725.06540  i_LSST  25.47649  1.70724
61725.06500  i_LSST  24.38710  0.62595
61725.06450  i_LSST  25.11259  1.22106
61725.06370  i_LSST  25.50952  1.75997
61725.06330  i_LSST  25.88089  2.47774
61725.06160  i_LSST  26.99592  6.91937
61725.06120  i_LSST  23.94698  0.41734
61725.06080  i_LSST  25.89675  2.51419
61725.06000  i_LSST  24.77614  0.89568
61725.05950  i_LSST  24.84516  0.95447
61725.05870  i_LSST  24.53725  0.71878
61725.05830  i_LSST  24.29163  0.57326
61725.05570  g_LSST  25.87642  1.16879
61725.05440  g_LSST  26.31910  1.75714
61725.05400  g_LSST  26.83961  2.83800
61725.05360  g_LSST  26.64391  2.36992
61725.05230  g_LSST  25.54277  0.85956
61716.34680  i_LSST  27.26235  4.66612
61716.33700  z_LSST  25.63691  2.07768
61716.33660  z_LSST  26.19014  3.45836
61716.33620  z_LSST  24.62003  0.81438
61716.33530  z_LSST  25.04550  1.20508
61716.33410  z_LSST  24.82777  0.98610
61716.33200  z_LSST  26.98949  7.22122
61716.33120  z_LSST  25.10479  1.27271
61716.33030  z_LSST  25.40301  1.67501
61716.32990  z_LSST  26.40319  4.20813
61716.32910  z_LSST  25.03813  1.19692
61716.32870  z_LSST  26.27024  3.72314
61716.29550  r_LSST  27.77771  4.68607
61716.29510  r_LSST  28.38654  8.20996
61716.29470  r_LSST  25.59746  0.62909
61716.29340  r_LSST  26.02642  0.93388
61716.29260  r_LSST  26.99328  2.27528
61716.29220  r_LSST  26.27062  1.16942
61716.29130  r_LSST  26.49114  1.43279
61716.29090  r_LSST  27.39805  3.30327
61716.29050  r_LSST  26.38187  1.29561
61716.28920  r_LSST  26.52150  1.47342
61716.27800  i_LSST  25.39564  0.83612
61716.27680  i_LSST  25.86109  1.28366
61716.27550  i_LSST  24.89364  0.52659
61716.27510  i_LSST  25.70161  1.10830
61716.27430  i_LSST  25.66699  1.07352
61716.27390  i_LSST  27.26905  4.69498
61716.27350  i_LSST  25.46440  0.89079
61716.27180  i_LSST  29.68850  43.59278
61716.27100  i_LSST  26.40110  2.11084
61716.27050  i_LSST  25.83271  1.25054
61716.27010  i_LSST  24.75477  0.46336
61716.25890  g_LSST  27.72299  2.64615
61716.25850  g_LSST  26.21233  0.65819
61716.25810  g_LSST  27.14145  1.54883
61716.25680  g_LSST  27.78274  2.79588
61716.25640  g_LSST  29.23350  10.63704
61716.25600  g_LSST  27.67052  2.52132
61716.25520  g_LSST  27.30682  1.80363
61716.06920  i_LSST  25.71760  1.12474
61716.04540  z_LSST  25.86323  2.55920
61714.30190  z_LSST  25.46406  1.83470
61713.11540  r_LSST  26.92179  2.09332
61709.32440  z_LSST  26.50448  4.21535
61709.32400  z_LSST  29.54816  69.55172
61709.32360  z_LSST  25.57567  1.79190
61709.32270  z_LSST  25.36575  1.47688
61709.32230  z_LSST  25.67420  1.96212
61709.32190  z_LSST  25.03879  1.09285
61709.32150  z_LSST  25.58779  1.81201
61709.32020  z_LSST  25.08678  1.14223
61709.31980  z_LSST  24.51766  0.67625
61709.31900  z_LSST  24.21311  0.51084
61709.31810  z_LSST  26.31679  3.54617
61709.31730  z_LSST  25.13535  1.19450
61709.31690  z_LSST  25.73088  2.06726
61709.31610  z_LSST  24.43217  0.62504
61709.31560  z_LSST  24.09180  0.45684
61709.31390  u_LSST  25.78229  1.17246
61709.31350  u_LSST  27.34055  4.92495
61709.31310  u_LSST  27.34588  4.94918
61709.31280  u_LSST  25.97588  1.40130
61709.31200  u_LSST  25.50053  0.90447
61709.31160  u_LSST  25.37411  0.80505
61709.31120  u_LSST  26.58344  2.45221
61709.30860  r_LSST  26.25563  1.37598
61709.30650  r_LSST  25.58588  0.74253
61709.30610  r_LSST  27.89682  6.23865
61709.30570  r_LSST  27.48516  4.26997
61709.30530  r_LSST  26.43192  1.61857
61709.30490  r_LSST  25.57175  0.73293
61709.30440  r_LSST  26.20987  1.31920
61709.30400  r_LSST  26.95830  2.62836
61709.30360  r_LSST  25.38065  0.61464
61709.30190  r_LSST  26.69363  2.05976
61709.29970  i_LSST  25.47235  1.06276
61709.29930  i_LSST  24.27346  0.35227
61709.29890  i_LSST  28.22031  13.35417
61709.29850  i_LSST  25.40864  1.00219
61709.29810  i_LSST  25.60185  1.19739
61709.29720  i_LSST  25.33983  0.94065
61709.29640  i_LSST  25.57370  1.16673
61709.29600  i_LSST  26.09901  1.89278
61709.29390  i_LSST  26.13105  1.94945
61709.29350  i_LSST  28.08775  11.81936
61709.29310  i_LSST  26.36337  2.41459
61709.29220  i_LSST  25.51550  1.10584
61709.29180  i_LSST  25.32892  0.93124
61709.28840  g_LSST  27.63769  3.33045
61709.28750  g_LSST  28.62404  8.26118
61709.28670  g_LSST  29.84766  25.49701
61709.28630  g_LSST  26.37668  1.04255
61706.32340  z_LSST  24.23429  0.51215
61706.29940  i_LSST  24.30955  0.42802
61705.35770  z_LSST  24.45849  0.83774
61705.34780  i_LSST  25.65641  1.03684
61705.17890  i_LSST  26.40924  2.07418
61705.15600  r_LSST  27.34559  3.01241
61702.17280  r_LSST  28.63051  15.73065
61701.36690  z_LSST  29.30144  55.55907
61701.32700  z_LSST  24.83020  0.90419
61701.32610  z_LSST  24.90977  0.97295
61701.32530  z_LSST  25.66159  1.94453
61701.32490  z_LSST  24.95132  1.01090
61701.32400  z_LSST  27.14183  7.60173
61701.32360  z_LSST  25.57713  1.79901
61701.32320  z_LSST  26.65969  4.87590
61701.32280  z_LSST  26.37942  3.76656
61701.32200  z_LSST  24.40775  0.61274
61701.32110  z_LSST  24.72016  0.81704
61701.31990  z_LSST  24.96672  1.02534
61701.31860  z_LSST  25.24084  1.31981
61701.31780  z_LSST  25.46746  1.62616
61701.30710  r_LSST  29.09622  19.35706
61701.30670  r_LSST  27.47839  4.36221
61701.30550  r_LSST  25.32095  0.59804
61701.30510  r_LSST  26.49091  1.75677
61701.30380  r_LSST  26.73588  2.20141
61701.30340  r_LSST  27.22454  3.45276
61701.30210  r_LSST  26.51525  1.79659
61701.30170  r_LSST  25.94282  1.06042
61701.30130  r_LSST  26.55338  1.86082
61701.30050  r_LSST  27.57220  4.75587
61701.30010  r_LSST  29.15488  20.43156
61701.29750  i_LSST  24.85258  0.66146
61701.29620  i_LSST  26.34961  2.62612
61701.29580  i_LSST  27.00325  4.79480
61701.29540  i_LSST  27.10792  5.28005
61701.29500  i_LSST  28.02283  12.26314
61701.29410  i_LSST  27.09034  5.19524
61701.29330  i_LSST  25.13790  0.86026
61701.29240  i_LSST  26.76435  3.84778
61701.29200  i_LSST  28.49112  18.87626
61701.29160  i_LSST  26.42099  2.80456
61701.29120  i_LSST  25.45221  1.14909
61701.29080  i_LSST  28.88897  27.23071
61701.28990  i_LSST  24.77026  0.61316
61701.24310  g_LSST  27.94537  4.17148
61701.24140  g_LSST  26.98629  1.72449
61701.24100  g_LSST  25.70998  0.53227
61701.24060  g_LSST  26.61149  1.22107
61701.24020  g_LSST  28.22320  5.38797
61700.17770  r_LSST  27.22139  2.67220
61700.17720  r_LSST  27.06222  2.30781
61699.35200  z_LSST  27.66261  10.85554
61696.10510  z_LSST  24.85019  1.87060
61696.10380  z_LSST  24.85223  1.87411
61696.10340  z_LSST  24.01040  0.86310
61696.10260  z_LSST  24.01958  0.87043
61696.10220  z_LSST  24.46042  1.30639
61696.10130  z_LSST  24.73988  1.68987
61696.10090  z_LSST  25.67916  4.01390
61696.10010  z_LSST  25.85440  4.71698
61696.09970  z_LSST  25.38473  3.06052
61696.09920  z_LSST  24.36195  1.19312
61696.09880  z_LSST  24.08383  0.92350
61696.09840  z_LSST  23.91378  0.78961
61696.09670  z_LSST  25.06063  2.27067
61696.09550  z_LSST  24.25008  1.07631
61696.08440  r_LSST  23.59958  0.34813
61696.08320  r_LSST  26.05045  3.32734
61696.08280  r_LSST  26.27207  4.08080
61696.08190  r_LSST  25.25237  1.59537
61696.08150  r_LSST  26.55407  5.29109
61696.08070  r_LSST  24.67135  0.93423
61696.07690  r_LSST  26.39062  4.55158
61696.07260  i_LSST  24.63045  1.13162
61696.07010  i_LSST  24.16014  0.73379
61696.06970  i_LSST  24.12432  0.70998
61696.06890  i_LSST  26.29505  5.24252
61696.06810  i_LSST  24.25230  0.79880
61696.06500  g_LSST  27.56805  8.95657
61696.06460  g_LSST  25.00225  0.84299
61696.06420  g_LSST  27.25620  6.72049
61696.06290  g_LSST  25.71172  1.62036
61696.06250  g_LSST  25.85497  1.84889
61688.35630  z_LSST  24.40319  1.52878
61688.10610  z_LSST  26.50725  10.61624
61688.10530  z_LSST  25.08403  2.86208
61688.10400  z_LSST  23.93748  0.99555
61688.10320  z_LSST  28.05470  44.15181
61688.10280  z_LSST  23.72768  0.82062
61688.10240  z_LSST  25.14178  3.01843
61688.10070  z_LSST  24.20039  1.26831
61688.10030  z_LSST  23.48919  0.65879
61688.09860  z_LSST  24.13922  1.19882
61688.09820  z_LSST  24.38069  1.49743
61688.09700  z_LSST  25.84366  5.76147
61688.09650  z_LSST  25.91198  6.13565
61687.34060  r_LSST  28.44043  9.47886
61687.33940  r_LSST  28.47425  9.77875
61687.33770  r_LSST  25.86909  0.88760
61687.33640  r_LSST  25.98107  0.98404
61687.33600  r_LSST  25.39459  0.57335
61687.33520  r_LSST  26.56323  1.68219
61687.33480  r_LSST  26.32471  1.35042
61687.33350  r_LSST  28.09932  6.92330
61687.32560  i_LSST  25.49992  0.95946
61687.32520  i_LSST  25.54217  0.99753
61687.32440  i_LSST  25.77970  1.24147
61687.32270  i_LSST  25.62891  1.08049
61687.32060  i_LSST  26.09182  1.65495
61687.31980  i_LSST  26.49222  2.39302
61687.31670  g_LSST  27.31310  2.34636
61687.31630  g_LSST  29.03725  11.48295
61687.31510  g_LSST  26.95546  1.68788
61687.31460  g_LSST  30.19098  33.23135
61687.31420  g_LSST  26.57751  1.19168
61687.31380  g_LSST  26.14368  0.79915
61687.31300  g_LSST  27.28324  2.28271
61687.23860  r_LSST  27.52071  4.06322
61683.36830  i_LSST  25.25386  0.70745
61681.35560  z_LSST  25.40679  1.17121
61681.35510  z_LSST  25.60467  1.40535
61681.35470  z_LSST  24.45699  0.48833
61681.35310  z_LSST  26.25993  2.56975
61681.35180  z_LSST  26.03987  2.09829
61681.35100  z_LSST  24.61633  0.56552
61681.35060  z_LSST  26.98425  5.00746
61681.35010  z_LSST  26.81266  4.27544
61681.34930  z_LSST  26.58723  3.47383
61681.34890  z_LSST  25.32582  1.08704
61681.34850  z_LSST  27.11962  5.67239
61681.34810  z_LSST  24.81493  0.67903
61681.34760  z_LSST  25.77884  1.64988
61681.34720  z_LSST  26.04971  2.11740
61681.30070  z_LSST  25.48449  1.25810
61681.29810  u_LSST  26.40138  1.71638
61681.29660  u_LSST  25.57004  0.79814
61681.29620  u_LSST  25.38347  0.67212
61681.29400  r_LSST  26.44432  1.26854
61681.29360  r_LSST  26.94117  2.00467
61681.29320  r_LSST  25.88499  0.75783
61681.29280  r_LSST  27.85443  4.64889
61681.29240  r_LSST  28.33989  7.26999
61681.29150  r_LSST  27.00179  2.11979
61681.29070  r_LSST  25.35792  0.46639
61678.38800  i_LSST  24.76287  0.49739
61678.37530  r_LSST  27.53012  3.52477
61678.24040  g_LSST  26.47009  0.82309
61678.23260  g_LSST  27.65905  2.46056
61673.14340  u_LSST  27.12385  6.28100
61673.14300  u_LSST  26.99118  5.55855
61673.14260  u_LSST  26.55096  3.70571
61673.14180  u_LSST  24.50367  0.56229
61672.37960  r_LSST  27.37176  2.99269
61672.29910  z_LSST  25.12017  1.25318
61672.29870  z_LSST  25.15688  1.29628
61672.29740  z_LSST  25.53983  1.84451
61672.29660  z_LSST  29.17529  52.48820
61672.29620  z_LSST  28.29804  23.39717
61672.29490  z_LSST  26.65345  5.14432
61672.29370  z_LSST  24.53859  0.73347
61672.29320  z_LSST  24.22859  0.55129
61672.29200  z_LSST  24.30007  0.58881
61672.29120  z_LSST  27.03905  7.33783
61672.29030  z_LSST  26.28816  3.67460
61672.28950  z_LSST  26.09375  3.07219
61672.27880  r_LSST  26.50807  1.35078
61672.27840  r_LSST  25.83108  0.72409
61672.27800  r_LSST  27.57281  3.60150
61672.27760  r_LSST  25.85781  0.74214
61672.27720  r_LSST  25.87798  0.75605
61672.27680  r_LSST  25.82300  0.71872
61672.27590  r_LSST  26.63074  1.51236
61672.27510  r_LSST  26.07665  0.90786
61672.27380  r_LSST  27.23076  2.62823
61672.27340  r_LSST  27.95563  5.12402
61672.27180  r_LSST  26.46285  1.29568
61672.27130  r_LSST  26.77531  1.72776
61672.26790  i_LSST  28.43537  12.45708
61672.26710  i_LSST  26.50008  2.09556
61672.26660  i_LSST  26.61261  2.32441
61672.26540  i_LSST  25.72946  1.03051
61672.26410  i_LSST  24.59782  0.36341
61672.26370  i_LSST  26.90601  3.04560
61672.26250  i_LSST  27.07805  3.56853
61672.26210  i_LSST  27.71461  6.41377
61672.26160  i_LSST  26.55291  2.20005
61672.25940  g_LSST  27.74147  2.79733
61672.25900  g_LSST  26.35859  0.78270
61672.25860  g_LSST  27.22635  1.74060
61672.25820  g_LSST  29.06480  9.46408
61666.39750  z_LSST  24.93053  1.08945
61666.26530  i_LSST  24.80803  1.15086
61666.24210  r_LSST  27.33299  8.03629
61665.40560  z_LSST  24.45747  0.92563
61662.40840  r_LSST  28.98084  21.18466
61659.28550  z_LSST  24.66366  0.99317
61659.28510  z_LSST  24.60934  0.94469
61659.28430  z_LSST  24.22609  0.66373
61659.28260  z_LSST  25.09929  1.48345
61659.28220  z_LSST  26.30335  4.49671
61659.28180  z_LSST  24.80144  1.12754
61659.28050  z_LSST  25.89712  3.09316
61659.28010  z_LSST  25.18660  1.60767
61659.27930  z_LSST  25.34742  1.86434
61659.27760  z_LSST  25.66233  2.49166
61659.26490  r_LSST  25.18240  0.84237
61659.26280  r_LSST  26.58439  3.06406
61659.26240  r_LSST  25.84151  1.54578
61659.26110  r_LSST  26.92919  4.20939
61659.26070  r_LSST  26.52887  2.91132
61659.26030  r_LSST  25.39133  1.02112
61659.25950  r_LSST  25.75121  1.42241
61659.25910  r_LSST  25.21915  0.87137
61659.25860  r_LSST  26.81898  3.80309
61659.25820  r_LSST  26.46223  2.73800
61659.25560  i_LSST  24.98214  1.15757
61659.25440  i_LSST  24.73805  0.92451
61659.25350  i_LSST  25.38919  1.68409
61659.25150  i_LSST  25.95075  2.82483
61659.25060  i_LSST  28.98303  46.12152
61659.24900  i_LSST  26.56825  4.98875
61659.24810  i_LSST  25.00484  1.18203
61659.24550  g_LSST  26.62148  4.51821
61659.24430  g_LSST  25.31767  1.35969
61659.24380  g_LSST  25.19847  1.21832
61659.24340  g_LSST  25.95679  2.44956
61655.35220  i_LSST  25.82710  0.90908
61651.25300  z_LSST  27.17525  10.10589
61651.25260  z_LSST  26.13328  3.87070
61651.25130  z_LSST  25.27558  1.75673
61651.25010  z_LSST  25.56013  2.28310
61651.24800  z_LSST  24.79921  1.13281
61651.24590  z_LSST  24.47492  0.84032
61651.24550  z_LSST  25.33374  1.85340
61651.24420  z_LSST  26.03898  3.54868
61651.24170  u_LSST  24.94519  0.91504
61651.24090  u_LSST  25.50765  1.53610
61651.24050  u_LSST  26.02272  2.46860
61651.24020  u_LSST  26.08743  2.62020
61651.23980  u_LSST  28.62529  27.13186
61651.23940  u_LSST  24.79767  0.79879
61651.23590  r_LSST  25.72610  1.03927
61651.23470  r_LSST  25.63846  0.95867
61651.23260  r_LSST  25.64661  0.96589
61651.23220  r_LSST  26.38020  1.89830
61651.23140  r_LSST  25.58213  0.91020
61651.23050  r_LSST  25.98919  1.32423
61651.22970  r_LSST  27.03469  3.46866
61651.22750  i_LSST  25.07830  1.14802
61651.22710  i_LSST  26.59907  4.65863
61651.22670  i_LSST  26.08861  2.91120
61651.22500  i_LSST  26.68271  5.03166
61651.22460  i_LSST  25.42290  1.57684
61651.22370  i_LSST  30.55583  178.22209
61651.22290  i_LSST  25.93916  2.53684
61651.22080  i_LSST  27.10817  7.44552
61651.22040  i_LSST  25.25595  1.35210
61651.21820  g_LSST  25.80676  0.93496
61651.21700  g_LSST  26.24710  1.40259
61651.21610  g_LSST  25.91453  1.03253
61651.21450  g_LSST  26.39106  1.60145
61650.35360  r_LSST  26.68077  1.65888
61650.32900  g_LSST  27.52174  2.77645
61648.34610  r_LSST  26.21570  1.03137
61646.36990  r_LSST  26.23954  1.09580
61646.34520  g_LSST  26.20528  0.69440
61644.35800  i_LSST  29.43327  29.83740
61644.33380  r_LSST  26.60757  2.00700
61643.40460  i_LSST  27.34815  4.74752
61643.40380  i_LSST  25.78937  1.12968
61643.40340  i_LSST  26.81040  2.89312
61643.40300  i_LSST  27.92154  8.05048
61643.40170  i_LSST  27.43279  5.13245
61643.39990  g_LSST  28.89378  11.63019
61643.39950  g_LSST  26.76525  1.63748
61643.39910  g_LSST  25.88766  0.72969
61643.39830  g_LSST  26.40157  1.17139
61643.39700  g_LSST  26.56099  1.35666
61643.39620  g_LSST  31.23153  100.15857
61638.26160  z_LSST  23.95607  1.01418
61638.26040  z_LSST  24.86898  2.35113
61638.26000  z_LSST  25.05898  2.80078
61638.25950  z_LSST  23.95052  1.00901
61638.25870  z_LSST  24.33171  1.43340
61638.25830  z_LSST  25.81944  5.64237
61638.25790  z_LSST  24.22227  1.29597
61638.25700  z_LSST  24.20560  1.27622
61638.25660  z_LSST  24.25358  1.33389
61638.25620  z_LSST  25.37166  3.73553
61638.25500  z_LSST  23.20558  0.50807
61638.25450  z_LSST  22.87998  0.37643
61638.25370  z_LSST  23.60712  0.73542
61638.25330  z_LSST  24.21090  1.28247
61638.24140  r_LSST  25.49468  2.78964
61638.24060  r_LSST  23.52422  0.45432
61638.23890  r_LSST  23.62053  0.49646
61638.23850  r_LSST  24.18142  0.83223
61638.23810  r_LSST  25.29964  2.33094
61638.23680  r_LSST  24.51123  1.12763
61638.23640  r_LSST  24.03254  0.72559
61638.23600  r_LSST  25.43361  2.63706
61638.23560  r_LSST  25.41519  2.59269
61638.23510  r_LSST  26.67368  8.26321
61638.23430  r_LSST  26.02167  4.53255
61638.23050  i_LSST  24.18682  1.21361
61638.23000  i_LSST  25.32687  3.46816
61638.22960  i_LSST  23.81212  0.85941
61638.22920  i_LSST  24.73750  2.01536
61638.22880  i_LSST  24.77414  2.08453
61638.22710  i_LSST  25.43627  3.83585
61638.22630  i_LSST  24.59433  1.76639
61638.22550  i_LSST  24.99802  2.56189
61638.22500  i_LSST  26.07888  6.93273
61638.22460  i_LSST  23.41872  0.59819
61638.22420  i_LSST  24.54155  1.68256
61638.22380  i_LSST  24.32914  1.38359
61637.41050  g_LSST  25.48347  1.57197
61637.41010  g_LSST  26.59221  4.36455
61637.40970  g_LSST  24.73705  0.79046
61637.40930  g_LSST  25.44399  1.51584
61629.29470  z_LSST  25.30301  4.21066
61629.29430  z_LSST  25.59122  5.49076
61629.29350  z_LSST  24.47169  1.95804
61629.29060  z_LSST  24.21262  1.54238
61629.28970  z_LSST  23.26102  0.64202
61629.28930  z_LSST  25.40302  4.61691
61629.28890  z_LSST  23.09046  0.54869
61629.28850  z_LSST  24.14479  1.44898
61629.28720  z_LSST  23.37302  0.71179
61629.28680  z_LSST  25.90549  7.33400
61629.28600  z_LSST  24.12696  1.42538
61629.28560  z_LSST  25.49936  5.04532
61629.27490  r_LSST  25.25654  3.19613
61629.27450  r_LSST  27.66200  29.29596
61629.27370  r_LSST  24.95872  2.42938
61629.27330  r_LSST  23.73504  0.78709
61629.27240  r_LSST  26.01556  6.43034
61629.27160  r_LSST  24.66316  1.85042
61629.27030  r_LSST  24.48824  1.57508
61629.26990  r_LSST  23.74128  0.79163
61629.26780  r_LSST  25.46669  3.87868
61629.26740  r_LSST  24.01641  1.01993
61629.26700  r_LSST  24.26632  1.28392
61629.26520  i_LSST  23.69724  0.98516
61629.26400  i_LSST  23.30961  0.68937
61629.26360  i_LSST  26.80783  17.28791
61629.26310  i_LSST  28.84164  112.52934
61629.26230  i_LSST  23.43977  0.77717
61629.26190  i_LSST  24.85570  2.86345
61629.26020  i_LSST  24.61995  2.30456
61629.25940  i_LSST  24.29130  1.70266
61629.25900  i_LSST  24.39342  1.87059
61629.25860  i_LSST  23.32369  0.69837
61629.25810  i_LSST  24.50858  2.07990
61629.25730  i_LSST  24.04584  1.35814
61629.25390  g_LSST  24.03645  1.33117
61629.25340  g_LSST  23.15619  0.59174
61629.25180  g_LSST  23.97325  1.25589
61622.32740  z_LSST  24.05034  0.71606
61622.32700  z_LSST  27.08926  11.76297
61622.32610  z_LSST  24.64288  1.23585
61622.32570  z_LSST  24.53661  1.12061
61622.32490  z_LSST  25.25954  2.18087
61622.32450  z_LSST  25.31878  2.30317
61622.32400  z_LSST  26.54665  7.13626
61622.32360  z_LSST  27.77066  22.03311
61622.32240  z_LSST  24.58356  1.17014
61622.32200  z_LSST  24.61216  1.20137
61622.32150  z_LSST  24.12907  0.76991
61622.32110  z_LSST  26.29698  5.67028
61622.31900  z_LSST  27.59692  18.77495
61622.31600  u_LSST  25.70469  2.52621
61622.31530  u_LSST  24.80425  1.10228
61622.31410  u_LSST  24.73821  1.03723
61622.31370  u_LSST  23.93062  0.49300
61622.31160  r_LSST  24.75013  0.73564
61622.31120  r_LSST  24.61639  0.65039
61622.31030  r_LSST  27.25750  7.40654
61622.30990  r_LSST  24.67774  0.68819
61622.30910  r_LSST  24.88126  0.83007
61622.30780  r_LSST  24.97225  0.90264
61622.30700  r_LSST  25.02670  0.94906
61622.30570  r_LSST  24.97111  0.90169
61622.30530  r_LSST  25.24816  1.16380
61622.30450  r_LSST  24.57224  0.62447
61622.30410  r_LSST  24.62452  0.65527
61622.30190  i_LSST  25.69093  2.49054
61622.30020  i_LSST  25.29779  1.73395
61622.29940  i_LSST  24.11093  0.58116
61622.29850  i_LSST  27.35001  11.47957
61622.29770  i_LSST  26.00154  3.31541
61622.29600  i_LSST  25.42379  1.94732
61622.29560  i_LSST  25.44607  1.98770
61622.29480  i_LSST  26.11479  3.67992
